after_fill_dem2.asc
ncols         483
nrows         201
xllcorner     263976
yllcorner     664408
cellsize      2
NODATA_value  -9999
[rows 84 to 111 of 201, columns 378 to 440 of 483]
29.51189 29.59063 29.66312 29.72435 29.79061 29.85126 29.885 29.94189 30.00063 30.06061 30.15061 30.21058 30.27557 30.34371 30.40873 30.50562 30.60188 30.69814 30.80187 30.90247 30.99246 31.08371 31.17749 31.26941 31.36442 31.45193 31.55444 31.63754 31.69693 31.74566 31.75251 31.75875 31.77438 31.78628 31.83252 31.89878 31.95191 32.01566 32.06067 32.09691 32.14189 32.18875 32.23125 32.25563 32.28316 32.29755 32.30629 32.33064 32.35559 32.37994 32.40309 32.40372 32.39999 32.4256 32.46996 32.51499 32.54124 32.54936 32.55124 32.54874 32.53437 32.53127 32.51875
29.57439 29.64623 29.70872 29.75747 29.80559 29.86247 29.91809 29.98874 30.05875 30.1156 30.18623 30.24308 30.32494 30.41622 30.50372 30.60373 30.68936 30.77 30.85374 30.93809 31.00809 31.08994 31.1756 31.26251 31.36689 31.46566 31.58129 31.68066 31.76005 31.81503 31.82127 31.82501 31.82628 31.83005 31.87566 31.94378 32.00064 32.06562 32.1075 32.14062 32.18372 32.23434 32.28997 32.32561 32.35439 32.36004 32.36003 32.37689 32.40184 32.4362 32.46246 32.46434 32.46122 32.47746 32.50806 32.54682 32.56683 32.57059 32.57936 32.58749 32.58563 32.58751 32.57623
29.62751 29.69938 29.76874 29.81187 29.85624 29.89813 29.9475 30.02188 30.08502 30.14187 30.22064 30.29437 30.40747 30.52687 30.62061 30.70814 30.77 30.835 30.89749 30.96684 31.02249 31.08622 31.16249 31.25315 31.36063 31.46813 31.57876 31.67939 31.77691 31.84691 31.87065 31.8769 31.86879 31.86444 31.8938 31.94878 32.00438 32.0706 32.12933 32.17434 32.22998 32.27937 32.32628 32.35751 32.3669 32.37254 32.37814 32.39626 32.42373 32.45057 32.47622 32.48248 32.49561 32.51811 32.54123 32.56872 32.57748 32.58872 32.60559 32.6231 32.63312 32.63375 32.62499
29.68312 29.75688 29.84439 29.87814 29.91626 29.95629 29.99191 30.05752 30.10941 30.15314 30.22938 30.33625 30.47499 30.63187 30.74124 30.80875 30.85434 30.89434 30.93371 30.97934 31.01188 31.05061 31.11374 31.21626 31.33561 31.45812 31.55689 31.65565 31.76942 31.86067 31.92379 31.93503 31.91754 31.89819 31.92068 31.97002 32.0275 32.08747 32.14244 32.20248 32.27311 32.34624 32.39628 32.41564 32.40688 32.40065 32.40874 32.42124 32.44497 32.46494 32.48497 32.50496 32.52561 32.55122 32.56497 32.57496 32.5787 32.58997 32.61558 32.64684 32.66811 32.67186 32.66749
29.73377 29.8044 29.90816 29.95189 29.99314 30.03251 30.04502 30.09751 30.13629 30.16377 30.25 30.37312 30.52561 30.70249 30.80873 30.85875 30.88996 30.91183 30.93309 30.96373 30.98564 31.00687 31.0881 31.20247 31.32933 31.46811 31.55376 31.6544 31.78754 31.90379 31.99378 32.01441 31.98192 31.95816 31.96379 31.99749 32.05935 32.10184 32.14183 32.21061 32.285 32.37688 32.44815 32.47253 32.46064 32.44377 32.44062 32.44125 32.45249 32.47184 32.50123 32.53311 32.56688 32.59251 32.59626 32.59686 32.59622 32.61311 32.63747 32.67122 32.70312 32.70311 32.70873
29.72438 29.79003 29.91501 29.97999 30.03752 30.08377 30.06568 30.0988 30.12006 30.1288 30.25126 30.39812 30.5675 30.76126 30.83625 30.86876 30.88997 30.90496 30.92309 30.95061 30.97002 30.98127 31.08061 31.20059 31.32744 31.47622 31.54689 31.65629 31.80942 31.95691 32.07502 32.1069 32.07253 32.03752 32.03127 32.05062 32.10435 32.14248 32.18185 32.24749 32.32752 32.42501 32.49502 32.51501 32.49812 32.47688 32.46749 32.46812 32.47811 32.49246 32.52498 32.56124 32.59564 32.62066 32.62377 32.62439 32.62375 32.63628 32.65251 32.68125 32.72001 32.7281 32.74749
29.69814 29.77003 29.90064 29.97814 30.04191 30.09315 30.06693 30.08693 30.09818 30.0988 30.22125 30.38311 30.55999 30.76375 30.84376 30.87189 30.89249 30.90247 30.91747 30.93937 30.9569 30.96314 31.07187 31.19309 31.32559 31.48125 31.55566 31.67255 31.83753 32.01316 32.15065 32.20315 32.18316 32.1475 32.1375 32.14686 32.1806 32.21689 32.25626 32.32253 32.40753 32.4925 32.55375 32.55876 32.54125 32.51751 32.50688 32.51625 32.52437 32.54748 32.57563 32.60126 32.62627 32.6369 32.6375 32.64001 32.63876 32.64753 32.66002 32.68999 32.74124 32.7662 32.79621
29.67378 29.74692 29.86378 29.95626 30.02502 30.07936 30.05439 30.06691 30.07439 30.07378 30.20624 30.37436 30.56 30.76501 30.84189 30.87003 30.88688 30.89496 30.90996 30.93434 30.95999 30.96874 31.09249 31.19686 31.31748 31.47503 31.54253 31.68191 31.85814 32.04814 32.2075 32.2825 32.29189 32.28187 32.27627 32.28003 32.28812 32.31315 32.3494 32.40626 32.49504 32.56626 32.61688 32.61501 32.59627 32.56691 32.5419 32.55191 32.56002 32.58687 32.61751 32.63627 32.65629 32.66193 32.66379 32.66816 32.66565 32.66941 32.67439 32.69749 32.75185 32.78869 32.83433
29.66066 29.72941 29.82 29.91185 29.97874 30.03622 30.02938 30.0394 30.04939 30.05627 30.17251 30.34001 30.52938 30.73375 30.8284 30.86192 30.88004 30.88816 30.90474 30.93561 30.96938 30.98498 31.07938 31.15374 31.24686 31.39815 31.4969 31.66443 31.87191 32.07752 32.25875 32.35624 32.38814 32.3919 32.39316 32.38878 32.38562 32.40813 32.45812 32.53374 32.62252 32.68625 32.70939 32.67876 32.65126 32.61129 32.57565 32.58004 32.5794 32.59999 32.62439 32.64128 32.66129 32.66879 32.67067 32.67566 32.67129 32.67005 32.68251 32.71124 32.77745 32.83243 32.87872
29.58563 29.67127 29.75751 29.85501 29.92937 29.98373 29.99625 30.01188 30.0275 30.05 30.12751 30.27251 30.44375 30.63937 30.7667 30.81943 30.85256 30.86006 30.87959 30.91687 30.95751 30.97625 31.04253 31.08941 31.15128 31.27441 31.36438 31.52876 31.78062 32.03064 32.27752 32.41439 32.45628 32.4619 32.45878 32.46127 32.45252 32.47752 32.53751 32.62439 32.70065 32.75126 32.75501 32.71439 32.69063 32.65004 32.61127 32.60878 32.60567 32.62189 32.64254 32.66066 32.68317 32.69943 32.71381 32.72505 32.72317 32.73004 32.745 32.77747 32.84056 32.89305 32.93182
29.49376 29.58816 29.67314 29.77813 29.86626 29.91373 29.93625 29.96938 29.99873 30.03997 30.10374 30.21249 30.35997 30.53812 30.67357 30.74569 30.79759 30.81819 30.84522 30.88623 30.92061 30.93311 30.97126 30.98752 31.01626 31.09938 31.17623 31.3256 31.64436 31.95374 32.25626 32.45625 32.47939 32.48254 32.48193 32.49006 32.49631 32.51691 32.57378 32.65752 32.7169 32.76875 32.77062 32.73686 32.71936 32.68313 32.64875 32.64753 32.64817 32.66253 32.68317 32.70441 32.73066 32.75691 32.78316 32.80503 32.80942 32.81379 32.81876 32.83811 32.89307 32.93995 32.98496
29.35561 29.44879 29.54877 29.65251 29.76127 29.80936 29.83751 29.88999 29.92936 29.98998 30.05249 30.13312 30.24935 30.40749 30.54232 30.63692 30.70944 30.74758 30.78773 30.83689 30.86689 30.88314 30.90128 30.90254 30.91876 30.96622 31.02934 31.13809 31.48434 31.83813 32.17564 32.43687 32.45939 32.45752 32.46565 32.48627 32.51503 32.54253 32.59816 32.67379 32.71877 32.76187 32.76499 32.7456 32.73497 32.71125 32.685 32.69003 32.69504 32.71189 32.73565 32.76001 32.79001 32.82377 32.85812 32.88375 32.89252 32.89439 32.89125 32.90436 32.95182 32.99746 33.04496
29.14935 29.24689 29.36313 29.46564 29.58253 29.63687 29.67751 29.75186 29.80748 29.8856 29.9575 30.03062 30.12499 30.26124 30.38579 30.49125 30.58628 30.65627 30.71796 30.77812 30.80626 30.81878 30.84315 30.85381 30.87877 30.9031 30.91434 30.95619 31.30309 31.68563 32.06751 32.39625 32.42688 32.43375 32.45064 32.49316 32.53879 32.57192 32.62379 32.67567 32.70751 32.7375 32.74811 32.74683 32.73934 32.72622 32.70873 32.72001 32.74002 32.77439 32.80565 32.84061 32.87125 32.90187 32.94623 32.96874 32.97999 32.97874 32.96874 32.97562 33.01248 33.05811 33.10622
28.99936 29.08002 29.18502 29.28502 29.40004 29.46378 29.52002 29.60687 29.67748 29.76809 29.85248 29.93186 30.02187 30.14124 30.25876 30.36939 30.48189 30.58251 30.6675 30.73874 30.76563 30.78002 30.81001 30.83629 30.88189 30.90811 30.91249 30.91249 31.22122 31.58374 31.95562 32.32624 32.37876 32.41624 32.45626 32.51003 32.57877 32.61566 32.65627 32.69127 32.71375 32.73687 32.75685 32.76681 32.76371 32.75746 32.7506 32.77187 32.79935 32.84374 32.8775 32.90999 32.93501 32.96251 32.99874 33.01812 33.03188 33.02314 33.0125 33.01688 33.0525 33.11312 33.17064
28.88559 28.93999 29.03186 29.12186 29.22812 29.31187 29.38749 29.47622 29.55497 29.64934 29.74185 29.84248 29.93438 30.04561 30.16062 30.27249 30.39122 30.50873 30.61249 30.70251 30.75753 30.79692 30.85003 30.89754 30.95751 30.99313 30.98938 30.96499 31.20186 31.50749 31.85687 32.22938 32.3369 32.42062 32.4775 32.5375 32.60874 32.6475 32.68874 32.71874 32.74186 32.76187 32.78998 32.80745 32.81185 32.81309 32.80811 32.82624 32.84497 32.87998 32.90811 32.93374 32.96063 32.99002 33.02499 33.04811 33.06999 33.07063 33.075 33.08815 33.12502 33.19437 33.24126
28.80684 28.85311 28.93247 29.02062 29.10438 29.19064 29.28626 29.38436 29.48184 29.57869 29.66683 29.76559 29.86624 29.97938 30.10002 30.22125 30.34874 30.47873 30.60124 30.70374 30.76375 30.81253 30.86752 30.92941 31.00316 31.04502 31.04251 30.99312 31.16748 31.44623 31.78749 32.17438 32.3294 32.44437 32.50813 32.56689 32.63688 32.66625 32.70748 32.73747 32.76058 32.78499 32.81874 32.84435 32.86189 32.86686 32.86626 32.8775 32.88685 32.90439 32.92501 32.94564 32.97628 33.02752 33.07501 33.11689 33.15753 33.17254 33.19252 33.2144 33.2519 33.31187 33.34502
28.79622 28.83061 28.89624 28.97874 29.04374 29.1269 29.24691 29.36379 29.47689 29.56998 29.64435 29.72622 29.82499 29.95563 30.08815 30.22001 30.3625 30.48313 30.60563 30.71063 30.76626 30.82752 30.88626 30.95252 31.03064 31.06565 31.055 30.99874 31.1206 31.3831 31.72061 32.10877 32.31692 32.45127 32.52376 32.58001 32.64312 32.67188 32.71249 32.74872 32.77621 32.80122 32.83809 32.86998 32.89876 32.91501 32.92128 32.93314 32.94248 32.95062 32.97875 33.00003 33.03377 33.10753 33.15877 33.21564 33.26881 33.29004 33.31253 33.33689 33.3725 33.42187 33.4525
28.80932 28.82682 28.87807 28.93931 28.98745 29.07499 29.21689 29.36252 29.49438 29.58998 29.65686 29.72811 29.82625 29.96126 30.09501 30.23126 30.37876 30.49626 30.61253 30.71501 30.77251 30.84251 30.90749 30.96812 31.0356 31.06061 31.04372 30.99936 31.0725 31.31312 31.64437 32.01875 32.28376 32.44125 32.51811 32.58 32.63625 32.67 32.72124 32.7681 32.81622 32.85184 32.88624 32.90875 32.92192 32.92818 32.93944 32.96004 32.97878 32.98814 33.01999 33.04502 33.08748 33.1725 33.22937 33.29438 33.35378 33.38751 33.42563 33.45498 33.49559 33.53434 33.55435
28.77561 28.80247 28.85308 28.90744 28.94871 29.02876 29.18815 29.36004 29.51377 29.62498 29.68749 29.74374 29.84061 29.97063 30.10001 30.22937 30.37377 30.49065 30.61565 30.73376 30.78626 30.85 30.89187 30.93063 30.98811 31.00623 30.99561 30.96437 31.0075 31.24439 31.58063 31.94873 32.26311 32.43685 32.51497 32.58686 32.64437 32.68126 32.74062 32.79812 32.85749 32.90873 32.93813 32.95314 32.9563 32.95319 32.96755 32.9913 33.01817 33.03002 33.06376 33.10126 33.15247 33.24811 33.32498 33.3925 33.45065 33.48562 33.52625 33.56246 33.60683 33.63935 33.65437
28.71186 28.74871 28.80993 28.86304 28.91369 28.98749 29.16439 29.35566 29.52566 29.66376 29.71752 29.77252 29.85689 29.95877 30.06251 30.15564 30.29564 30.42878 30.57189 30.72938 30.80064 30.86748 30.90311 30.92311 30.96309 30.97124 30.96374 30.95998 30.99002 31.21002 31.54314 31.89563 32.24375 32.43499 32.51809 32.59809 32.65124 32.70125 32.76876 32.83812 32.90874 32.96873 32.99125 32.99626 32.98252 32.9688 32.98628 33.01255 33.05256 33.07877 33.11938 33.17562 33.23809 33.33687 33.42124 33.48124 33.52937 33.5556 33.59687 33.63309 33.67809 33.71749 33.73562
28.60186 28.67434 28.76181 28.82557 28.90247 28.95812 29.13689 29.34438 29.5275 29.69248 29.74626 29.79815 29.87378 29.93942 30.00691 30.07003 30.18815 30.34126 30.52064 30.71564 30.81939 30.88687 30.90687 30.91124 30.94123 30.9531 30.95998 30.96936 30.99688 31.19501 31.51877 31.85312 32.22187 32.43501 32.52561 32.62061 32.67812 32.73561 32.80938 32.88251 32.9575 33.02314 33.04128 33.04066 33.01877 33.00564 33.03374 33.06628 33.11379 33.14814 33.19064 33.25873 33.32933 33.42434 33.51059 33.55999 33.60435 33.62873 33.66936 33.71871 33.7681 33.82375 33.84689
28.49689 28.5925 28.70811 28.79436 28.88935 28.93875 29.11626 29.32688 29.51878 29.70126 29.74876 29.79189 29.85439 29.89441 29.93941 29.97689 30.08939 30.2625 30.47062 30.69501 30.81814 30.87063 30.87189 30.86877 30.88876 30.91439 30.94376 30.96686 31.00122 31.18623 31.49936 31.82561 32.19999 32.43251 32.53376 32.64126 32.70689 32.77 32.84376 32.91939 32.9844 33.04505 33.06568 33.06756 33.06315 33.07312 33.11684 33.16001 33.2069 33.24128 33.2869 33.35873 33.43559 33.52998 33.61934 33.66998 33.71436 33.73997 33.77563 33.82686 33.87437 33.93003 33.94565
28.44312 28.54498 28.67311 28.77687 28.88187 28.9194 29.08691 29.29815 29.49567 29.68691 29.73564 29.77004 29.81567 29.84379 29.87192 29.89502 30.00377 30.18565 30.40189 30.63689 30.77938 30.83937 30.84814 30.84942 30.86818 30.89629 30.93814 30.97311 31.01684 31.19622 31.49372 31.80185 32.16685 32.39063 32.50001 32.61501 32.68003 32.75251 32.82378 32.89939 32.96753 33.0288 33.06505 33.08569 33.10065 33.135 33.19684 33.25187 33.30312 33.34375 33.39188 33.46623 33.54372 33.63873 33.71936 33.77313 33.82562 33.85436 33.89188 33.94373 33.98874 34.03439 34.0475
28.42748 28.53122 28.655 28.76564 28.87439 28.91379 29.05943 29.27192 29.46629 29.64692 29.71814 29.74503 29.78377 29.81436 29.845 29.87685 29.97749 30.15626 30.37127 30.59753 30.75315 30.81691 30.83126 30.83505 30.85505 30.88816 30.93254 30.97499 31.02747 31.20372 31.48059 31.75623 32.09561 32.30438 32.42188 32.55626 32.62878 32.70937 32.78878 32.86689 32.93942 33.00569 33.05506 33.0963 33.13564 33.20063 33.28684 33.35686 33.41748 33.46749 33.51751 33.58998 33.66497 33.7462 33.81684 33.87 33.92625 33.96 33.98814 34.03061 34.06498 34.09874 34.11249
28.42686 28.5187 28.63436 28.74437 28.84936 28.90502 29.02816 29.23565 29.42316 29.59064 29.68061 29.70624 29.74185 29.78057 29.8281 29.87496 29.97309 30.13876 30.32876 30.53564 30.70127 30.78129 30.81379 30.82695 30.84131 30.86816 30.90941 30.95623 31.02246 31.19933 31.45306 31.69433 31.97871 32.1656 32.29186 32.44312 32.53625 32.62499 32.7069 32.78689 32.86941 32.9463 33.02254 33.08879 33.15564 33.23626 33.3256 33.40936 33.47124 33.52999 33.58062 33.6375 33.71436 33.78436 33.8531 33.91748 33.97686 34.02747 34.06188 34.09811 34.12872 34.14936 34.1606
28.41997 28.51931 28.62808 28.73248 28.83562 28.89253 28.99942 29.19567 29.37003 29.52127 29.62126 29.65063 29.69251 29.74186 29.80748 29.87372 29.95935 30.10564 30.27313 30.45438 30.61938 30.72127 30.77191 30.80443 30.84006 30.87126 30.92126 30.98686 31.06496 31.23557 31.44433 31.62996 31.85497 32.00624 32.13185 32.28498 32.38873 32.47998 32.57689 32.66625 32.76439 32.86564 32.96188 33.05251 33.13438 33.21877 33.30624 33.38936 33.45499 33.52686 33.58688 33.65062 33.73373 33.80872 33.8856 33.95813 34.0225 34.07563 34.11126 34.14187 34.16998 34.18936 34.21249
28.43307 28.53806 28.63807 28.72558 28.81184 28.88062 28.98814 29.17189 29.32688 29.45063 29.53875 29.57501 29.62439 29.68125 29.76249 29.84373 29.92935 30.06437 30.21311 30.36938 30.52063 30.62563 30.69563 30.75127 30.81065 30.86251 30.92626 31.00998 31.10434 31.25934 31.41936 31.55875 31.71938 31.85062 31.97996 32.13058 32.24746 32.34809 32.45748 32.56186 32.67562 32.78688 32.89562 32.99813 33.09248 33.18436 33.27123 33.35434 33.42936 33.51248 33.59437 33.66313 33.74437 33.81937 33.88687 33.96125 34.02377 34.07753 34.1169 34.145 34.17686 34.20623 34.24374
28.44373 28.56058 28.65932 28.73059 28.79873 28.87375 28.98625 29.15436 29.29123 29.39248 29.46124 29.50752 29.56252 29.63003 29.72562 29.81749 29.90686 30.02188 30.14063 30.26063 30.39626 30.50626 30.59627 30.68315 30.76442 30.83876 30.92439 31.02374 31.13374 31.26999 31.39813 31.51376 31.62812 31.75184 31.87432 32.01371 32.14371 32.2481 32.36436 32.47937 32.59813 32.72126 32.84187 32.95 33.05249 33.13685 33.21874 33.30371 33.37997 33.47435 33.56187 33.63501 33.71063 33.78504 33.85627 33.92814 33.99627 34.06128 34.11939 34.17251 34.22939 34.27813 34.32875
