after_fill_dem2.asc
ncols         483
nrows         201
xllcorner     263976
yllcorner     664408
cellsize      2
NODATA_value  -9999
[rows 84 to 111 of 201, columns 0 to 62 of 483]
23.74255 23.74564 23.75807 23.77241 23.78304 23.80056 23.82185 23.83816 23.85566 23.87191 23.88814 23.90621 23.92059 23.93999 23.95439 23.97378 23.99941 24.02003 24.04316 24.06067 24.07694 24.09008 24.10443 24.12004 24.13502 24.155 24.16817 24.18258 24.19445 24.20132 24.2169 24.22749 24.24373 24.26559 24.28375 24.30379 24.32067 24.33876 24.35308 24.36865 24.39367 24.41746 24.44435 24.46566 24.47563 24.48061 24.49063 24.5081 24.52249 24.53062 24.51062 24.49936 24.49311 24.49687 24.51748 24.52563 24.53063 24.53439 24.54439 24.55311 24.56186 24.57372 24.58499
23.73587 23.74376 23.76121 23.77741 23.78866 23.80055 23.81808 23.83377 23.84879 23.86568 23.88566 23.90624 23.92247 23.94562 23.95377 23.96753 23.99065 24.00876 24.03437 24.05314 24.07129 24.08506 24.09879 24.11815 24.13187 24.15059 24.16688 24.18128 24.19005 24.19881 24.21315 24.22063 24.23875 24.25747 24.27501 24.29502 24.31256 24.33316 24.34935 24.36805 24.39178 24.41308 24.43497 24.45378 24.46751 24.4756 24.49062 24.51248 24.53312 24.54565 24.53001 24.52189 24.51438 24.52125 24.54622 24.55746 24.56808 24.57371 24.58248 24.5931 24.59935 24.6106 24.61999
23.73422 23.74503 23.76624 23.7818 23.79242 23.80243 23.81557 23.83126 23.84441 23.86005 23.88128 23.90123 23.91934 23.93935 23.94939 23.95876 23.98064 23.99874 24.0206 24.04124 24.05938 24.0763 24.09004 24.10816 24.12313 24.14372 24.15936 24.17688 24.18441 24.19316 24.21377 24.22251 24.24374 24.2606 24.27439 24.29504 24.30758 24.32756 24.34127 24.35558 24.38117 24.40245 24.42432 24.44812 24.46311 24.47246 24.49186 24.51748 24.54563 24.56629 24.55878 24.55254 24.54129 24.54441 24.56251 24.57061 24.58371 24.58996 24.60435 24.61749 24.62436 24.63563 24.64064
23.72504 23.74063 23.76622 23.78115 23.79177 23.79804 23.80868 23.82249 23.83377 23.85126 23.87063 23.89184 23.91182 23.92997 23.94501 23.95189 23.97315 23.99064 24.00998 24.03186 24.04938 24.06567 24.07943 24.10068 24.11691 24.13938 24.15435 24.16875 24.18003 24.18941 24.21253 24.22376 24.24436 24.25933 24.27187 24.28875 24.30129 24.32069 24.33379 24.34876 24.36935 24.38936 24.41309 24.44061 24.45685 24.46869 24.48996 24.52059 24.56125 24.59567 24.59066 24.58631 24.56943 24.56378 24.58125 24.58934 24.60371 24.61371 24.62686 24.63812 24.64687 24.65751 24.66564
23.70752 23.72375 23.74624 23.76057 23.77555 23.78366 23.79617 23.81685 23.8319 23.85004 23.86754 23.88624 23.90182 23.92121 23.93747 23.94812 23.9669 23.98501 24.00811 24.02435 24.04309 24.05751 24.06752 24.09316 24.11066 24.12938 24.14686 24.1575 24.16877 24.18378 24.20378 24.21939 24.23936 24.25496 24.2706 24.28812 24.30442 24.32192 24.33381 24.35691 24.37874 24.40187 24.42934 24.44436 24.45624 24.46374 24.48249 24.51811 24.56686 24.61251 24.61314 24.60569 24.5907 24.58193 24.60128 24.61935 24.63557 24.64744 24.66121 24.67313 24.68189 24.69189 24.70376
23.65418 23.67001 23.69874 23.71935 23.73684 23.75245 23.7712 23.79249 23.80877 23.82816 23.84755 23.86562 23.88498 23.90624 23.92561 23.94001 23.96003 23.98814 24.01311 24.02622 24.04621 24.05311 24.05311 24.07377 24.08504 24.09564 24.11874 24.13499 24.15875 24.18502 24.21127 24.23437 24.25309 24.26871 24.28373 24.29564 24.31128 24.32879 24.33942 24.3719 24.39751 24.42189 24.44999 24.45439 24.46377 24.47441 24.49316 24.5325 24.57562 24.61875 24.62251 24.61442 24.60443 24.59629 24.61877 24.63938 24.65749 24.67059 24.68373 24.69687 24.70876 24.72128 24.73564
23.61667 23.63187 23.65934 23.68561 23.69809 23.71558 23.73559 23.75374 23.77876 23.79439 23.81755 23.83749 23.85624 23.8844 23.90437 23.92314 23.94818 23.98316 24.01064 24.02877 24.05124 24.05437 24.05502 24.0719 24.07817 24.08066 24.11188 24.13374 24.16372 24.20688 24.22126 24.23376 24.25749 24.27309 24.29873 24.31811 24.33939 24.35313 24.36251 24.40314 24.42689 24.45315 24.47878 24.47753 24.48002 24.49068 24.51066 24.54314 24.57688 24.61123 24.61189 24.61316 24.61254 24.61067 24.64064 24.66063 24.68 24.69496 24.70122 24.71998 24.73562 24.74814 24.76751
23.58083 23.59626 23.62247 23.65001 23.66562 23.68311 23.70813 23.73063 23.76001 23.77687 23.79812 23.81748 23.83374 23.86253 23.8825 23.90626 23.93316 23.97314 24.00252 24.01939 24.03873 24.0456 24.04687 24.06562 24.08316 24.08441 24.12001 24.14499 24.17434 24.22248 24.23811 24.25497 24.28184 24.29996 24.33497 24.35687 24.37626 24.39374 24.39123 24.43122 24.45623 24.47938 24.51565 24.51502 24.52126 24.53381 24.55003 24.55626 24.5675 24.58871 24.59061 24.61751 24.63565 24.64004 24.65816 24.68002 24.70189 24.71874 24.74561 24.77124 24.7925 24.81064 24.82438
23.56419 23.58127 23.60747 23.63311 23.6481 23.66373 23.68502 23.70252 23.73188 23.74561 23.76684 23.78871 23.80248 23.83502 23.86125 23.88562 23.91564 23.95187 23.97561 23.99812 24.0206 24.03247 24.03938 24.05249 24.07002 24.07378 24.11188 24.14937 24.18247 24.2356 24.25434 24.26684 24.29747 24.31558 24.35811 24.38999 24.41437 24.42935 24.42684 24.46059 24.48935 24.52313 24.56691 24.57379 24.57688 24.58941 24.59312 24.59248 24.59124 24.59684 24.60125 24.63376 24.65626 24.66252 24.67251 24.68314 24.70253 24.7225 24.7525 24.78749 24.81752 24.8394 24.85001
23.60003 23.61064 23.6206 23.63372 23.63311 23.63621 23.66311 23.68313 23.7206 23.72247 23.73058 23.74119 23.74996 23.78123 23.80437 23.83248 23.86249 23.88999 23.91248 23.94063 23.96252 23.97937 23.99814 24.00874 24.03624 24.05876 24.09438 24.1325 24.15874 24.20187 24.21562 24.22812 24.26624 24.29933 24.36495 24.42121 24.45372 24.46934 24.46686 24.48809 24.52685 24.57126 24.62751 24.64751 24.64249 24.64811 24.6356 24.62185 24.61872 24.61872 24.62437 24.66375 24.68751 24.69877 24.70379 24.71254 24.72629 24.74189 24.77189 24.80375 24.83501 24.85624 24.86309
23.62921 23.63128 23.64189 23.65566 23.63688 23.64001 23.65876 23.67499 23.72185 23.7331 23.72873 23.72936 23.72247 23.74372 23.76749 23.78623 23.8075 23.82375 23.84062 23.85938 23.87376 23.89312 23.91124 23.92684 23.96686 23.99689 24.02879 24.06631 24.08879 24.12066 24.14625 24.17123 24.21436 24.26246 24.34371 24.42 24.46436 24.49248 24.49813 24.51685 24.56686 24.62063 24.68688 24.71376 24.71436 24.71998 24.70059 24.68496 24.68373 24.68309 24.68934 24.72307 24.73683 24.74623 24.74626 24.75252 24.76252 24.77312 24.80437 24.83187 24.86186 24.88247 24.88181
23.67253 23.66253 23.6669 23.68193 23.64441 23.6463 23.65627 23.65501 23.71123 23.71999 23.71439 23.71126 23.70562 23.71687 23.73439 23.74437 23.75501 23.76624 23.78372 23.80186 23.81998 23.83622 23.85058 23.84744 23.87558 23.90438 23.93131 23.98318 24.00319 24.03255 24.06189 24.08688 24.13814 24.19874 24.29499 24.40002 24.46874 24.50561 24.535 24.56059 24.62312 24.69376 24.74814 24.77004 24.76314 24.76065 24.74249 24.74873 24.75811 24.75934 24.76371 24.77432 24.77809 24.78746 24.79812 24.7975 24.80061 24.80809 24.81873 24.83873 24.86 24.87312 24.87372
23.68417 23.67125 23.66939 23.68882 23.64441 23.64441 23.65251 23.65251 23.70746 23.72184 23.70562 23.70562 23.70562 23.71626 23.75505 23.77189 23.76689 23.77127 23.76624 23.76624 23.76624 23.76624 23.78309 23.79184 23.82185 23.85001 23.86881 23.91379 23.93066 23.95127 23.9825 24.00937 24.06251 24.13562 24.24811 24.37252 24.45936 24.51686 24.56249 24.59622 24.66314 24.73066 24.77379 24.79694 24.79814 24.79564 24.78874 24.79309 24.80184 24.80744 24.81119 24.82492 24.82934 24.84497 24.85251 24.85062 24.85249 24.85188 24.86064 24.87188 24.88312 24.89059 24.89182
23.75249 23.72999 23.71 23.72067 23.68505 23.68442 23.68814 23.6731 23.70747 23.71624 23.70562 23.70562 23.71128 23.73816 23.79566 23.83065 23.83379 23.84316 23.80876 23.77938 23.76624 23.76624 23.78183 23.78997 23.81689 23.84066 23.86007 23.89568 23.91127 23.92438 23.94499 23.96935 24.01936 24.09062 24.20751 24.3463 24.44814 24.52126 24.58499 24.63311 24.70129 24.76131 24.7882 24.80198 24.81003 24.81442 24.82311 24.83183 24.84248 24.84931 24.85246 24.87057 24.87809 24.88684 24.89312 24.88562 24.88312 24.89251 24.90001 24.90876 24.91874 24.92311 24.92685
23.86414 23.83183 23.78745 23.76123 23.71812 23.70876 23.70564 23.69501 23.70562 23.70562 23.70562 23.70562 23.72376 23.75877 23.82438 23.87749 23.89751 23.92312 23.88811 23.84874 23.82061 23.80186 23.81624 23.81562 23.83128 23.85877 23.89067 23.93878 23.96063 23.96437 23.96311 23.96937 24.00562 24.07063 24.18877 24.33191 24.44064 24.52749 24.60059 24.65561 24.73065 24.7863 24.80069 24.80759 24.81006 24.81131 24.82127 24.8306 24.84311 24.85059 24.8556 24.87621 24.8881 24.89934 24.90812 24.90251 24.8994 24.91006 24.91631 24.92567 24.93627 24.93999 24.95561
23.98166 23.95183 23.91058 23.86372 23.79498 23.75561 23.72626 23.71313 23.72812 23.72876 23.71877 23.71626 23.73998 23.77435 23.84496 23.90559 23.93999 23.96938 23.91999 23.87188 23.83126 23.80565 23.82941 23.83564 23.85378 23.88937 23.93562 23.98126 24.00936 24.00938 23.98813 23.97876 23.99937 24.05187 24.17127 24.32001 24.43251 24.53563 24.61247 24.67188 24.74689 24.79004 24.80193 24.80881 24.81503 24.82063 24.83186 24.83683 24.84499 24.85121 24.85811 24.87934 24.89434 24.90686 24.91312 24.91191 24.90693 24.91759 24.92569 24.93318 24.94689 24.9531 24.96625
24.11583 24.08309 24.05247 24.0087 23.95744 23.92433 23.86874 23.84314 23.82939 23.79879 23.7894 23.77124 23.7587 23.77556 23.81554 23.85245 23.88873 23.91499 23.89562 23.87376 23.85189 23.84629 23.86503 23.85124 23.86687 23.90747 23.96685 24.02378 24.05315 24.05002 24.01566 24.00126 24.01875 24.06189 24.17566 24.32317 24.43129 24.54377 24.61936 24.68001 24.75377 24.7919 24.80566 24.81314 24.81814 24.82751 24.83686 24.84061 24.85124 24.85435 24.85936 24.87746 24.8887 24.8956 24.90562 24.90503 24.90566 24.91819 24.92628 24.93689 24.94999 24.95931 24.96937
24.16833 24.1431 24.13374 24.10061 24.05559 24.03436 23.98938 23.98127 23.99439 23.95564 23.92001 23.88874 23.82559 23.81058 23.82183 23.81371 23.83061 23.84499 23.84501 23.84502 23.85189 23.87191 23.89378 23.87749 23.88874 23.92499 23.97874 24.04502 24.07253 24.06629 24.03564 24.02002 24.03751 24.08313 24.1944 24.33253 24.44065 24.55626 24.62749 24.68688 24.75252 24.79003 24.80878 24.81937 24.82811 24.83559 24.83934 24.84373 24.84872 24.85308 24.85933 24.86996 24.87934 24.88938 24.89879 24.90381 24.91068 24.91383 24.92256 24.93442 24.94504 24.95683 24.97126
24.17001 24.15749 24.17189 24.16373 24.14059 24.14059 24.11433 24.11498 24.14311 24.11749 24.08811 24.04622 23.95184 23.89121 23.85622 23.80809 23.79936 23.79687 23.79314 23.80313 23.83062 23.86876 23.90501 23.90061 23.91248 23.94122 23.98059 24.03437 24.05501 24.05315 24.03314 24.02751 24.05188 24.10501 24.21502 24.34877 24.46064 24.57251 24.63998 24.69563 24.74879 24.78439 24.80565 24.81997 24.83243 24.84118 24.84992 24.85744 24.86246 24.86746 24.87372 24.87874 24.88874 24.89376 24.89627 24.9019 24.90689 24.91256 24.92879 24.93878 24.95002 24.95932 24.96249
24.15499 24.14374 24.16187 24.17496 24.19308 24.23058 24.22996 24.24561 24.26249 24.23374 24.21809 24.17934 24.08123 24.00936 23.94687 23.86875 23.83063 23.80438 23.79565 23.80252 23.84251 23.88376 23.9094 23.91313 23.92188 23.94 23.97062 24.01501 24.03062 24.04 24.03872 24.04747 24.07935 24.13937 24.24064 24.36689 24.48315 24.58875 24.65936 24.71375 24.7588 24.79502 24.81003 24.81812 24.82622 24.83434 24.84557 24.85558 24.86367 24.87244 24.87745 24.88185 24.89063 24.89189 24.89441 24.90066 24.91128 24.91693 24.93443 24.94441 24.9519 24.96119 24.96559
24.14417 24.13374 24.14501 24.15248 24.16747 24.20374 24.22374 24.25126 24.28623 24.27561 24.27372 24.25124 24.17563 24.12064 24.05877 23.99001 23.94378 23.91064 23.8694 23.84814 23.87188 23.8919 23.91693 23.9294 23.93251 23.93749 23.95874 23.99376 24.01376 24.03876 24.06373 24.07686 24.10373 24.16687 24.255 24.38188 24.50878 24.61189 24.68813 24.73815 24.77569 24.80754 24.81818 24.82439 24.8306 24.83747 24.84744 24.85745 24.86743 24.87496 24.88183 24.88936 24.89626 24.89502 24.89567 24.90504 24.91317 24.92195 24.93633 24.93821 24.94881 24.95438 24.96374
24.13667 24.12937 24.14189 24.15499 24.17437 24.20061 24.20373 24.21187 24.23497 24.24062 24.26248 24.25562 24.21375 24.17938 24.1325 24.08813 24.06064 24.03562 23.97374 23.92375 23.90689 23.8913 23.9082 23.92814 23.92936 23.92814 23.94559 23.97876 24.01252 24.06251 24.1156 24.13559 24.15059 24.20063 24.26502 24.38815 24.52317 24.6294 24.71125 24.75627 24.78943 24.81752 24.82442 24.82815 24.83187 24.83499 24.84433 24.85744 24.87055 24.87746 24.88372 24.88999 24.89375 24.89438 24.89565 24.90563 24.91565 24.92568 24.94317 24.94568 24.95563 24.95748 24.95935
24.12081 24.11872 24.13062 24.15438 24.17876 24.19938 24.19376 24.18437 24.18811 24.17626 24.18251 24.17689 24.15938 24.16187 24.15187 24.13939 24.12689 24.12062 24.08122 24.04311 24.02876 23.97755 23.95822 23.94941 23.92814 23.92814 23.94496 23.97625 24.02128 24.0869 24.1675 24.20997 24.21621 24.24498 24.28188 24.38566 24.52255 24.63504 24.7275 24.77314 24.80566 24.83 24.83376 24.83686 24.84123 24.84624 24.84936 24.85934 24.86869 24.87056 24.87745 24.88434 24.89063 24.89566 24.90441 24.91503 24.92629 24.9363 24.94566 24.94941 24.95624 24.95996 24.96558
24.10914 24.11435 24.12812 24.15439 24.1769 24.19127 24.18752 24.16688 24.15376 24.13253 24.11942 24.10691 24.09563 24.09374 24.09812 24.11189 24.12501 24.14936 24.13119 24.11371 24.11561 24.05313 24.02066 23.98686 23.93245 23.93745 23.95683 23.98124 24.02814 24.09627 24.18189 24.23999 24.25246 24.27186 24.30249 24.39689 24.53004 24.64315 24.73811 24.78249 24.81001 24.83437 24.83876 24.84686 24.85684 24.86122 24.85997 24.86496 24.87308 24.87119 24.87871 24.88997 24.89374 24.90253 24.91002 24.91501 24.9244 24.93191 24.94005 24.94505 24.95065 24.95437 24.96436
24.09414 24.10436 24.12375 24.15504 24.17441 24.18315 24.1769 24.15439 24.13127 24.10942 24.08757 24.07005 24.05441 24.04378 24.04378 24.06066 24.09564 24.13936 24.15557 24.16435 24.18249 24.11314 24.0644 24.01248 23.9381 23.94936 23.97248 24.00376 24.04876 24.11126 24.18249 24.23498 24.2487 24.26558 24.30559 24.39999 24.53626 24.65498 24.75309 24.79372 24.81873 24.83872 24.83746 24.84682 24.85869 24.86059 24.86123 24.86559 24.87186 24.87622 24.88249 24.89376 24.89689 24.90817 24.91877 24.92127 24.93314 24.94001 24.9494 24.95812 24.95626 24.95687 24.96312
24.08747 24.09996 24.12059 24.155 24.17251 24.17939 24.17379 24.14941 24.12255 24.10132 24.07944 24.06067 24.04128 24.02002 24.0119 24.02189 24.04689 24.09188 24.13058 24.16686 24.22059 24.15934 24.1075 24.04309 23.94935 23.96687 23.98498 24.02248 24.06561 24.10936 24.14624 24.18624 24.20435 24.23373 24.30686 24.40562 24.54502 24.67124 24.76872 24.80871 24.83119 24.84493 24.84116 24.85303 24.85867 24.86247 24.86687 24.86561 24.87561 24.88434 24.88747 24.90063 24.90377 24.91004 24.92127 24.92254 24.93687 24.94437 24.94814 24.96061 24.95627 24.95626 24.965
24.10584 24.11188 24.12624 24.15439 24.17003 24.17565 24.17005 24.15004 24.12317 24.10443 24.08255 24.06192 24.04003 24.01253 23.99816 24.00564 24.02689 24.06252 24.09186 24.11876 24.17373 24.14186 24.11125 24.06184 23.9825 23.99062 24.00436 24.04624 24.07374 24.11499 24.14936 24.17626 24.20436 24.23688 24.31999 24.43124 24.57188 24.69934 24.7881 24.82494 24.84368 24.85556 24.8543 24.86054 24.86242 24.86182 24.8681 24.8681 24.88311 24.89373 24.89499 24.90878 24.91002 24.91629 24.92501 24.92627 24.93874 24.94312 24.94441 24.95814 24.95626 24.95629 24.96625
24.12172 24.12816 24.14189 24.16564 24.17939 24.17812 24.16501 24.14626 24.11877 24.09879 24.07628 24.05629 24.03941 24.02378 24.01504 24.01626 24.03376 24.06188 24.08936 24.11314 24.15688 24.14066 24.11879 24.07564 24.01378 24.00876 24.01813 24.07313 24.10875 24.14876 24.1825 24.19816 24.21378 24.2519 24.33937 24.45372 24.59687 24.72123 24.80313 24.83498 24.85556 24.8643 24.86366 24.86614 24.86366 24.86182 24.86746 24.87311 24.88877 24.90315 24.90441 24.9113 24.91067 24.91254 24.92377 24.93191 24.94125 24.94999 24.95 24.9631 24.96686 24.96499 24.97497
