after_fill_dem2.asc
ncols         483
nrows         201
xllcorner     263976
yllcorner     664408
cellsize      2
NODATA_value  -9999
[rows 28 to 55 of 201, columns 63 to 125 of 483]
24.97187 24.97312 24.99249 25.01688 25.02999 25.02438 25.02999 25.04997 25.08126 25.12314 25.1319 25.1369 25.14749 25.15311 25.16434 25.17436 25.16753 25.16814 25.17563 25.18625 25.20498 25.20186 25.1894 25.17002 25.14441 25.14504 25.15189 25.14626 25.15127 25.14251 25.13687 25.15936 25.19687 25.24374 25.27063 25.29062 25.2856 25.26876 25.27378 25.28317 25.31068 25.35003 25.40249 25.43685 25.44809 25.45059 25.41562 25.37062 25.3319 25.28628 25.25689 25.22693 25.18942 25.14506 25.0882 25.03004 25.02753 25.05128 25.10062 25.15312 25.13435 25.10561 25.09564
24.93624 24.94189 24.96938 24.99939 25.01249 25.00812 25.01376 25.03436 25.07564 25.12314 25.14314 25.16002 25.17751 25.18876 25.19812 25.1975 25.1794 25.16689 25.16565 25.18814 25.21373 25.21748 25.20561 25.17188 25.13753 25.12694 25.1338 25.14755 25.1538 25.1494 25.13939 25.13314 25.16127 25.20689 25.23878 25.26252 25.25999 25.24064 25.24189 25.25127 25.27503 25.31376 25.34374 25.37247 25.38622 25.39185 25.38311 25.35064 25.32066 25.28442 25.25192 25.2188 25.18004 25.13068 25.07255 25.02188 25.01813 25.04684 25.10497 25.15499 25.14436 25.11001 25.09564
24.90124 24.90938 24.9325 24.96314 24.97311 24.97187 24.98564 25.01373 25.06377 25.11626 25.14939 25.17065 25.19689 25.20815 25.20564 25.19753 25.16941 25.14938 25.14626 25.18373 25.22057 25.23682 25.23432 25.18935 25.14939 25.1313 25.13129 25.14754 25.16068 25.16128 25.13939 25.11501 25.12438 25.16126 25.20314 25.23314 25.22685 25.20312 25.20752 25.21815 25.24631 25.2838 25.30187 25.32499 25.33875 25.35562 25.35128 25.33067 25.30879 25.27255 25.25067 25.22129 25.18378 25.13568 25.08066 25.03249 25.02687 25.05933 25.10872 25.15187 25.13999 25.09624 25.08438
24.87931 24.88871 24.90808 24.93249 24.9356 24.93624 24.9525 24.98624 25.04126 25.09624 25.13937 25.16751 25.19751 25.21126 25.20504 25.19441 25.16566 25.13629 25.13129 25.18128 25.22498 25.25496 25.25808 25.20184 25.15313 25.13067 25.12379 25.13505 25.15507 25.16318 25.14128 25.11564 25.10876 25.12437 25.16749 25.19563 25.185 25.16376 25.16941 25.18316 25.22129 25.26381 25.27254 25.29004 25.30193 25.31816 25.32131 25.31069 25.29131 25.25817 25.23751 25.20814 25.17689 25.13129 25.0788 25.04312 25.03561 25.06622 25.11123 25.14313 25.12876 25.08436 25.06625
24.86868 24.88184 24.8981 24.91313 24.90937 24.90874 24.92937 24.96689 25.02628 25.08626 25.13377 25.16689 25.19629 25.20629 25.19818 25.18504 25.16002 25.12691 25.11879 25.17504 25.21689 25.25499 25.26438 25.20313 25.16316 25.14008 25.12943 25.14256 25.15758 25.1713 25.1644 25.14064 25.12624 25.12436 25.14748 25.16624 25.15624 25.14937 25.16253 25.18127 25.21816 25.25193 25.2563 25.26757 25.27444 25.27754 25.28004 25.27379 25.25878 25.2419 25.22438 25.20124 25.18125 25.14503 25.09691 25.06126 25.05501 25.07999 25.11751 25.14191 25.11378 25.06938 25.05186
24.86869 24.88434 24.8956 24.90376 24.90376 24.90376 24.92064 24.96314 25.01942 25.07877 25.12378 25.15128 25.18127 25.18752 25.18191 25.17503 25.15754 25.12254 25.11192 25.17005 25.20878 25.25437 25.26999 25.20311 25.16313 25.14379 25.13316 25.14505 25.15633 25.16007 25.15004 25.13376 25.12623 25.12621 25.14434 25.15687 25.14937 25.14937 25.15817 25.18314 25.22566 25.25506 25.26256 25.2651 25.26634 25.26756 25.26069 25.25629 25.24441 25.22753 25.21563 25.20127 25.19003 25.15879 25.11569 25.07816 25.07189 25.0944 25.12377 25.14377 25.10376 25.06685 25.05185
24.86434 24.88624 24.90187 24.90816 24.90376 24.90376 24.92066 24.96378 25.01568 25.07002 25.11317 25.13756 25.16439 25.17191 25.17317 25.17065 25.16068 25.12505 25.11067 25.17129 25.20754 25.25626 25.27251 25.19938 25.15751 25.13691 25.13129 25.14568 25.15945 25.16319 25.16254 25.16377 25.16437 25.17061 25.18059 25.17936 25.15437 25.14937 25.15817 25.17939 25.21627 25.23879 25.24629 25.24194 25.24506 25.24378 25.23816 25.23876 25.22561 25.21313 25.20061 25.19 25.18691 25.16188 25.12066 25.07876 25.07124 25.08626 25.11563 25.13438 25.08874 25.06123 25.05185
24.86311 24.88123 24.89812 24.90877 24.90877 24.91879 24.93878 24.97439 25.02066 25.06876 25.10817 25.13319 25.16317 25.17318 25.17755 25.17754 25.16568 25.13005 25.11316 25.17379 25.20756 25.25566 25.26566 25.18876 25.14561 25.12127 25.12564 25.14753 25.16257 25.17131 25.18004 25.18879 25.19564 25.20252 25.20188 25.18689 25.15937 25.14937 25.15379 25.17189 25.20003 25.21877 25.22562 25.22064 25.21563 25.20875 25.19875 25.19809 25.19371 25.18748 25.18187 25.17752 25.17817 25.15753 25.11816 25.07002 25.06186 25.07937 25.10938 25.13063 25.09124 25.0656 25.05185
24.84874 24.86748 24.88811 24.90503 24.91189 24.92381 24.94693 24.98001 25.02502 25.06876 25.10566 25.12944 25.15878 25.17566 25.18066 25.18254 25.17319 25.13943 25.12191 25.18127 25.21254 25.25628 25.25689 25.17625 25.13121 25.10813 25.12376 25.14937 25.16691 25.17566 25.18254 25.18443 25.18627 25.18816 25.18502 25.17754 25.1519 25.13689 25.13189 25.13999 25.16314 25.18125 25.18874 25.18312 25.18125 25.16502 25.1594 25.16438 25.15935 25.16435 25.15623 25.15001 25.15067 25.13316 25.09816 25.05564 25.05436 25.07751 25.11126 25.12751 25.08748 25.05621 25.04311
24.83747 24.85432 24.87245 24.88812 24.89875 24.9144 24.9419 24.97937 25.02876 25.07438 25.11253 25.13694 25.16067 25.17378 25.17691 25.17816 25.1713 25.14692 25.13128 25.1919 25.22067 25.25753 25.24629 25.16315 25.12187 25.10504 25.13251 25.16063 25.17628 25.17939 25.17942 25.17506 25.16815 25.16568 25.16754 25.16629 25.15377 25.13999 25.12501 25.11751 25.12816 25.13439 25.13439 25.13001 25.11814 25.09629 25.09754 25.1069 25.11376 25.13312 25.13061 25.12749 25.13001 25.11751 25.08187 25.04373 25.04498 25.06562 25.10187 25.11939 25.08561 25.04935 25.04311
24.83742 24.84804 24.86054 24.87871 24.89059 24.90998 24.94374 24.97936 25.03624 25.08564 25.1219 25.14504 25.16256 25.17253 25.17316 25.17817 25.17066 25.15256 25.14504 25.20441 25.23319 25.25879 25.24192 25.16316 25.13062 25.12066 25.15002 25.17251 25.17879 25.17814 25.17377 25.15377 25.13627 25.12879 25.12879 25.14068 25.14315 25.1325 25.10873 25.09061 25.08937 25.08063 25.07126 25.06752 25.04378 25.01942 25.02382 25.02756 25.03631 25.06066 25.06189 25.05939 25.06566 25.05503 25.03064 25.01188 25.02124 25.05314 25.09064 25.10815 25.07999 25.03935 25.03248
24.83617 24.84867 24.85867 24.87057 24.87872 24.89123 24.93189 24.97938 25.04191 25.09503 25.12941 25.14692 25.16067 25.16941 25.16941 25.17318 25.16754 25.15941 25.15815 25.20125 25.22627 25.24128 25.22379 25.16752 25.14126 25.13754 25.1619 25.17626 25.18251 25.18436 25.17562 25.1475 25.12187 25.10752 25.11439 25.14003 25.15002 25.13874 25.10059 25.06499 25.04688 25.02443 25.00756 24.99881 24.98004 24.95942 24.97132 24.97634 24.98196 25.00256 24.99878 24.99687 25.00503 25.00126 24.98689 24.98251 25.00312 25.04065 25.07752 25.0969 25.06375 25.01874 25.01187
24.85114 24.85678 24.85991 24.86493 24.86807 24.88497 24.92688 24.98126 25.04565 25.09438 25.12753 25.14502 25.16064 25.1719 25.1725 25.17628 25.16938 25.16749 25.16874 25.1956 25.21437 25.2194 25.20378 25.16751 25.15314 25.15941 25.18318 25.19819 25.20504 25.20439 25.19628 25.17063 25.14439 25.13189 25.13561 25.15187 25.15688 25.13748 25.09121 25.04935 25.0231 24.99003 24.9688 24.96067 24.93877 24.93438 24.94316 24.94006 24.94634 24.95071 24.95256 24.95254 24.95568 24.95691 24.94691 24.95376 24.98563 25.02751 25.06626 25.08814 25.05439 25.01066 25.00066
24.86929 24.87055 24.86866 24.8668 24.86806 24.88371 24.92562 24.98063 25.04378 25.09501 25.12753 25.14439 25.16565 25.18127 25.18563 25.19503 25.18501 25.18312 25.18188 25.18684 25.19374 25.18439 25.17563 25.16063 25.15375 25.1644 25.18381 25.19319 25.20504 25.21564 25.21375 25.19561 25.17501 25.16063 25.15687 25.16564 25.16252 25.13623 25.08933 25.05309 25.02934 25.00002 24.9819 24.97565 24.96499 24.9731 24.98251 24.97879 24.97319 24.96633 24.95944 24.94942 24.94694 24.94193 24.93318 24.9488 24.98254 25.02817 25.07129 25.08441 25.04692 25.00004 24.97939
24.88309 24.88309 24.87994 24.87057 24.87245 24.88624 24.92439 24.98189 25.04192 25.09251 25.12626 25.14626 25.17438 25.19689 25.20626 25.21566 25.20564 25.19938 25.18626 25.16999 25.15999 25.14376 25.135 25.13311 25.13125 25.14377 25.16691 25.18379 25.20251 25.21501 25.22188 25.21124 25.19813 25.18687 25.17562 25.17125 25.16002 25.12938 25.09124 25.07063 25.05689 25.04692 25.03941 25.03691 25.04188 25.05499 25.07062 25.07002 25.05754 25.04568 25.03006 25.01381 25.00195 24.98944 24.96696 24.97194 25.00443 25.04068 25.08503 25.09379 25.04631 25.00254 24.9844
24.89501 24.89439 24.88623 24.87121 24.8737 24.88749 24.92063 24.9744 25.03443 25.09314 25.13376 25.15999 25.19063 25.21126 25.22315 25.23754 25.23001 25.21626 25.19252 25.16376 25.13877 25.11689 25.10999 25.105 25.11063 25.12816 25.15132 25.17319 25.18754 25.19815 25.22126 25.22248 25.22311 25.21873 25.19247 25.17749 25.15877 25.12752 25.10314 25.10502 25.11064 25.11753 25.12503 25.12252 25.13314 25.14814 25.16061 25.16001 25.14063 25.12626 25.10629 25.08504 25.06505 25.04067 25.00256 24.99567 25.02191 25.05379 25.10316 25.10628 25.05506 25.01003 24.99251
24.8969 24.89816 24.89186 24.87495 24.87807 24.88938 24.91749 24.96439 25.02379 25.08939 25.14252 25.18003 25.21381 25.23504 25.24444 25.25943 25.25626 25.2344 25.20003 25.16316 25.12192 25.09251 25.08563 25.07564 25.08127 25.09567 25.11256 25.13442 25.14377 25.16626 25.20188 25.20935 25.21998 25.21311 25.18622 25.17187 25.15814 25.13564 25.12504 25.14317 25.16379 25.18944 25.20633 25.20943 25.22504 25.23627 25.24873 25.24813 25.22374 25.20813 25.18064 25.15439 25.13443 25.09252 25.0419 25.02127 25.03126 25.06378 25.10941 25.10626 25.05378 25.01312 25.00187
24.89504 24.90006 24.89627 24.88183 24.88244 24.88936 24.9131 24.9525 25.01002 25.07438 25.13877 25.18566 25.22006 25.24629 25.25379 25.26629 25.26688 25.23753 25.19378 25.15127 25.10752 25.07812 25.06562 25.05563 25.06377 25.07878 25.09191 25.11377 25.11189 25.12876 25.17314 25.18689 25.21313 25.225 25.21561 25.21935 25.21563 25.19816 25.18317 25.19071 25.20568 25.23443 25.26695 25.28254 25.30193 25.30941 25.30562 25.28626 25.25562 25.2369 25.21751 25.20627 25.18253 25.13312 25.06439 25.01874 25.01999 25.05441 25.0994 25.10126 25.05126 25.01371 25.01436
24.89379 24.90131 24.90004 24.88686 24.88685 24.88874 24.91248 24.94624 25.00312 25.06999 25.13503 25.18754 25.22194 25.24131 25.24942 25.26318 25.26754 25.24129 25.19129 25.14377 25.09064 25.05938 25.04624 25.04001 25.0569 25.07691 25.08754 25.09753 25.0869 25.10003 25.13816 25.1644 25.20688 25.23 25.24497 25.27496 25.28188 25.26688 25.24814 25.23006 25.23439 25.26315 25.31256 25.34251 25.35877 25.36 25.3256 25.28437 25.24814 25.2313 25.22189 25.22628 25.20565 25.14998 25.07751 25.02061 25.01563 25.04754 25.08566 25.08688 25.04002 25.00623 25.01562
24.89251 24.90316 24.90565 24.90001 24.89814 24.89627 24.91749 24.94622 24.99873 25.05999 25.1194 25.17131 25.20819 25.23067 25.24254 25.25378 25.25441 25.22504 25.17377 25.13188 25.08249 25.04997 25.02811 25.01499 25.02812 25.05626 25.08125 25.09501 25.08251 25.08565 25.09816 25.11503 25.16128 25.18939 25.23001 25.29186 25.31252 25.30751 25.29127 25.25004 25.24625 25.26939 25.31878 25.36001 25.37501 25.37498 25.32561 25.27001 25.23504 25.22258 25.22566 25.23942 25.21877 25.15811 25.07687 25.01498 25.00499 25.04002 25.07876 25.08125 25.03502 25.00312 25.01751
24.89126 24.90193 24.90254 24.89942 24.89941 24.89627 24.91438 24.94373 24.99436 25.05375 25.10438 25.14629 25.17879 25.19753 25.21689 25.23189 25.22692 25.19692 25.14756 25.10441 25.06313 25.03312 25.00499 24.99251 25.005 25.04251 25.07937 25.09687 25.08126 25.06563 25.05876 25.06689 25.11377 25.14752 25.20441 25.28937 25.3275 25.33624 25.31873 25.26375 25.24559 25.25872 25.30498 25.34121 25.34999 25.34437 25.29189 25.23503 25.20942 25.20507 25.20753 25.2219 25.19125 25.13435 25.05187 24.99249 24.98937 25.02064 25.06813 25.07438 25.02626 24.99623 25.0125
24.88812 24.89566 24.89252 24.88816 24.89066 24.89316 24.91253 24.94499 24.99562 25.05188 25.09124 25.12191 25.14504 25.15503 25.17693 25.19379 25.19068 25.16569 25.12194 25.08506 25.0444 25.01439 24.98564 24.96377 24.97626 25.02002 25.06252 25.08815 25.07941 25.05816 25.03376 25.02937 25.05749 25.07999 25.14375 25.23686 25.28562 25.3031 25.29435 25.23811 25.21686 25.2256 25.25186 25.27561 25.28248 25.28186 25.24125 25.20253 25.18379 25.17631 25.17754 25.18003 25.14939 25.09624 25.02123 24.97684 24.97873 25.00374 25.05375 25.05938 25.00937 24.98936 24.99811
24.87561 24.87812 24.8681 24.86438 24.86501 24.87066 24.89878 24.93813 24.98999 25.04125 25.07313 25.09314 25.10628 25.11627 25.13816 25.15251 25.15064 25.12628 25.08876 25.05816 25.02813 24.99624 24.9625 24.93312 24.92936 24.97999 25.02874 25.06374 25.06937 25.04314 25.01811 25.00248 25.01248 25.02748 25.09063 25.17876 25.23252 25.26001 25.25186 25.20935 25.19124 25.19499 25.20003 25.21504 25.22627 25.22754 25.2038 25.18006 25.17007 25.16381 25.16191 25.15002 25.11126 25.05624 24.98496 24.95182 24.95306 24.98682 25.04434 25.0506 25.00559 24.98059 24.97998
24.855 24.85374 24.83996 24.82873 24.82998 24.83562 24.86689 24.90939 24.95939 25.01002 25.03751 25.04937 25.05688 25.06311 25.08501 25.10063 25.10374 25.0875 25.05436 25.0325 25.00186 24.9706 24.93998 24.91249 24.91624 24.96437 25.01063 25.04437 25.04875 25.02379 25.00002 24.98063 24.98125 24.99498 25.06249 25.14812 25.20627 25.23564 25.22312 25.18437 25.16564 25.16813 25.16753 25.17815 25.19376 25.19816 25.1863 25.17569 25.17007 25.1632 25.15692 25.13692 25.09254 25.03627 24.96685 24.94124 24.94124 24.97494 25.02997 25.03311 24.99059 24.96997 24.97186
24.83435 24.82932 24.80866 24.79056 24.78994 24.79937 24.83626 24.87749 24.91999 24.96247 24.98374 24.99311 24.99813 25.00251 25.02379 25.04128 25.05375 25.05062 25.02746 25.01496 24.98746 24.95369 24.92307 24.89934 24.90809 24.9556 24.99624 25.02124 25.02563 25.00317 24.97816 24.96191 24.95938 24.97811 25.05688 25.15 25.20191 25.22567 25.20253 25.15691 25.14317 25.14879 25.15444 25.16817 25.19065 25.20129 25.19192 25.18445 25.17696 25.16634 25.16756 25.15067 25.1113 25.05439 24.97747 24.94246 24.94124 24.97058 25.02186 25.02251 24.98437 24.96313 24.96876
24.80435 24.79619 24.77743 24.75682 24.75746 24.76249 24.79936 24.83624 24.86999 24.90684 24.92312 24.93309 24.94183 24.94936 24.96624 24.98561 25.00623 25.01371 25.00806 25.00242 24.97241 24.93428 24.89741 24.87493 24.88868 24.94183 24.99309 25.01873 25.02062 24.99189 24.95626 24.93941 24.94253 24.96626 25.05253 25.16066 25.22006 25.24381 25.21378 25.15876 25.14001 25.14815 25.15943 25.17066 25.18879 25.19254 25.18693 25.17946 25.17446 25.1707 25.16567 25.15191 25.11441 25.05628 24.97814 24.94187 24.94124 24.97558 25.02872 25.02189 24.97751 24.9494 24.96378
24.78751 24.7781 24.76119 24.73993 24.73681 24.73934 24.76308 24.78998 24.81626 24.84687 24.86128 24.86814 24.87936 24.88936 24.90685 24.93371 24.9612 24.97746 24.98621 24.98806 24.9568 24.91993 24.88117 24.86246 24.88747 24.94249 24.99813 25.02189 25.01628 24.98502 24.94064 24.92254 24.92629 24.95127 25.04817 25.17503 25.24128 25.27004 25.23316 25.16188 25.14001 25.14378 25.1594 25.16813 25.18064 25.18877 25.18441 25.18382 25.18505 25.18131 25.17942 25.16503 25.12881 25.07318 24.99191 24.9469 24.94124 24.97371 25.02059 25.01439 24.9644 24.94065 24.96004
24.77816 24.76811 24.75182 24.73054 24.72306 24.72308 24.73869 24.75934 24.78247 24.80436 24.81692 24.8263 24.83567 24.84816 24.86687 24.89498 24.92935 24.94999 24.97186 24.97561 24.9431 24.90246 24.85934 24.8456 24.87434 24.93999 24.9975 25.01876 25.01441 24.97813 24.93063 24.91629 24.92004 24.94441 25.04628 25.18564 25.26249 25.29688 25.25626 25.17249 25.14064 25.14001 25.15627 25.16564 25.17752 25.18751 25.18251 25.17817 25.17814 25.17379 25.16689 25.15063 25.11128 25.05879 24.98067 24.93627 24.93751 24.9656 25.01685 25.01564 24.96188 24.93874 24.95313
