after_fill_dem2.asc
ncols         483
nrows         201
xllcorner     263976
yllcorner     664408
cellsize      2
NODATA_value  -9999
[rows 56 to 83 of 201, columns 126 to 188 of 483]
24.9756 25.05312 25.08939 25.11689 25.14186 25.16749 25.20372 25.24309 25.28436 25.31623 25.33439 25.34251 25.36627 25.40061 25.48686 25.61625 25.76625 25.92254 26.12004 26.28442 26.40442 26.51567 26.53753 26.52504 26.51131 26.47943 26.44691 26.43752 26.43001 26.43503 26.44442 26.45256 26.46631 26.47008 26.46886 26.46886 26.46513 26.46699 26.46384 26.4657 26.4663 26.46441 26.46566 26.45628 26.44751 26.44504 26.45816 26.48315 26.50566 26.51999 26.50374 26.47749 26.4625 26.45379 26.46189 26.46877 26.46812 26.4631 26.45184 26.46686 26.49999 26.51871 26.54185
24.96125 25.03252 25.06627 25.1019 25.13187 25.16438 25.20373 25.24745 25.28937 25.31375 25.33065 25.34005 25.36066 25.39123 25.48936 25.62249 25.77498 25.93939 26.11504 26.27629 26.4038 26.51506 26.5469 26.53004 26.51131 26.47692 26.44629 26.43565 26.42562 26.43254 26.44005 26.45258 26.46694 26.47194 26.4726 26.46697 26.46263 26.46385 26.46256 26.46632 26.46566 26.45942 26.45756 26.44816 26.44316 26.44506 26.45567 26.47878 26.50502 26.51747 26.50499 26.47934 26.46437 26.45878 26.46876 26.48005 26.47754 26.47128 26.45876 26.47626 26.51125 26.52498 26.54185
24.95062 25.01253 25.04627 25.08126 25.1181 25.15309 25.19558 25.23557 25.27312 25.29251 25.30316 25.32257 25.35756 25.41188 25.53126 25.66122 25.79996 25.95563 26.11193 26.26505 26.39816 26.50127 26.53873 26.52626 26.50693 26.47694 26.44882 26.44193 26.43316 26.43504 26.43818 26.44757 26.45883 26.46446 26.46573 26.46193 26.46193 26.46193 26.4638 26.47132 26.4738 26.46756 26.46008 26.44754 26.44254 26.44754 26.46002 26.48815 26.51816 26.53313 26.52816 26.50566 26.49379 26.48506 26.48939 26.50315 26.5019 26.49751 26.4825 26.48877 26.50813 26.515 26.53062
24.96499 25.02378 25.06126 25.08752 25.12126 25.15438 25.19621 25.23994 25.27122 25.28561 25.2944 25.32005 25.36881 25.45063 25.57688 25.70123 25.82809 25.96501 26.10191 26.25001 26.38311 26.48499 26.53685 26.53001 26.51754 26.48692 26.45818 26.44942 26.44065 26.44066 26.44566 26.45754 26.46504 26.47066 26.46818 26.46193 26.46193 26.46193 26.46441 26.47257 26.48067 26.47193 26.45819 26.44816 26.4369 26.45126 26.47376 26.51063 26.55378 26.57065 26.55254 26.51315 26.49688 26.48621 26.48812 26.51001 26.50566 26.50503 26.49379 26.49006 26.49379 26.49129 26.50939
24.98815 25.04253 25.08002 25.09501 25.12624 25.16249 25.20621 25.25245 25.28185 25.28936 25.28941 25.32067 25.38068 25.48626 25.62248 25.74186 25.85872 25.97813 26.09564 26.23813 26.36937 26.47125 26.54124 26.54875 26.54188 26.51251 26.48003 26.46252 26.44627 26.44501 26.45375 26.47187 26.4825 26.48564 26.47878 26.46193 26.46193 26.46193 26.46879 26.47881 26.48379 26.47253 26.45882 26.44818 26.44254 26.47003 26.5 26.54624 26.60063 26.62376 26.61317 26.57566 26.55252 26.52253 26.51249 26.52188 26.51129 26.51192 26.49756 26.48819 26.47378 26.46318 26.4869
25.00063 25.05627 25.09691 25.10876 25.14498 25.17874 25.21936 25.26311 25.28623 25.29312 25.29566 25.33316 25.40567 25.52625 25.65747 25.7675 25.86999 25.97316 26.09192 26.23129 26.36128 26.47064 26.54751 26.56997 26.57186 26.54186 26.50249 26.47499 26.44874 26.44812 26.46124 26.48749 26.51624 26.52063 26.51063 26.48628 26.46193 26.46193 26.46758 26.47696 26.48508 26.47942 26.46818 26.46066 26.45563 26.48501 26.52251 26.57562 26.63564 26.66503 26.65504 26.61565 26.57813 26.54061 26.52371 26.52559 26.52063 26.51251 26.49192 26.4688 26.44252 26.43504 26.46189
25.01188 25.06751 25.10941 25.12189 25.15937 25.19504 25.23189 25.27563 25.28997 25.29309 25.30437 25.34751 25.42754 25.54686 25.6706 25.77314 25.87314 25.97006 26.08756 26.22507 26.35881 26.48193 26.56255 26.59562 26.6025 26.57059 26.53059 26.49184 26.45621 26.45873 26.47685 26.51561 26.56059 26.5781 26.58248 26.54001 26.49631 26.47257 26.46193 26.47317 26.48441 26.4769 26.46502 26.46378 26.46313 26.49938 26.54874 26.59684 26.65124 26.67063 26.645 26.60749 26.56374 26.52622 26.51184 26.51062 26.50499 26.49313 26.46566 26.44314 26.42126 26.41376 26.43997
24.98316 25.04315 25.08628 25.11188 25.15874 25.1994 25.23626 25.27063 25.28435 25.28808 25.30811 25.35939 25.44191 25.55689 25.67501 25.77376 25.87064 25.96566 26.08569 26.23009 26.36885 26.50009 26.57569 26.61064 26.61876 26.58997 26.55557 26.50681 26.47368 26.47682 26.49621 26.5475 26.59621 26.62936 26.65435 26.59563 26.53131 26.48505 26.44816 26.45753 26.47252 26.46817 26.45757 26.46692 26.47941 26.51502 26.56249 26.59684 26.62809 26.62997 26.60622 26.58184 26.53997 26.50872 26.48683 26.47498 26.46622 26.44121 26.41251 26.39501 26.37938 26.38814 26.41309
24.95503 25.01565 25.06066 25.10001 25.14938 25.19755 25.23628 25.26504 25.27936 25.28558 25.31624 25.3675 25.4494 25.5544 25.66063 25.76313 25.85501 25.94938 26.07693 26.22569 26.37196 26.50697 26.57318 26.60191 26.61314 26.59437 26.56997 26.52119 26.48432 26.47933 26.49372 26.54188 26.58872 26.63061 26.66373 26.60249 26.5319 26.4675 26.41063 26.42189 26.43752 26.43819 26.43695 26.45319 26.47691 26.51876 26.56311 26.58058 26.58747 26.56309 26.52682 26.5012 26.46121 26.44684 26.43621 26.43122 26.42747 26.39561 26.37005 26.35566 26.35251 26.37374 26.39431
24.95315 25.00752 25.05627 25.09501 25.14251 25.19378 25.23686 25.26875 25.28247 25.2893 25.31561 25.36499 25.44501 25.54878 25.65376 25.75499 25.84749 25.93873 26.07002 26.22566 26.37758 26.50946 26.56691 26.58754 26.59374 26.58311 26.56748 26.51869 26.47935 26.46686 26.47501 26.51503 26.54998 26.59373 26.64184 26.59248 26.53374 26.46184 26.38433 26.38184 26.38872 26.39003 26.38756 26.40819 26.43756 26.48314 26.52874 26.54247 26.54061 26.50371 26.46495 26.44118 26.41368 26.40746 26.40119 26.40119 26.39246 26.36559 26.35065 26.35192 26.36564 26.39625 26.41309
24.95565 25.00816 25.05502 25.09313 25.13251 25.18001 25.21873 25.25124 25.27186 25.28057 25.30373 25.34686 25.40875 25.49689 25.59314 25.68374 25.77246 25.87934 26.03374 26.21749 26.39067 26.52006 26.56691 26.57131 26.57125 26.57124 26.5531 26.50929 26.46621 26.43497 26.43688 26.46192 26.48189 26.51624 26.55686 26.53811 26.50248 26.43872 26.36746 26.34748 26.34062 26.35127 26.35318 26.37319 26.40256 26.43691 26.47251 26.4875 26.48501 26.45249 26.42498 26.40057 26.37994 26.37871 26.37058 26.36996 26.36562 26.34814 26.36004 26.37943 26.40689 26.44253 26.45626
24.96376 25.01877 25.06815 25.10503 25.13939 25.17626 25.2081 25.24309 25.26436 25.27808 25.29873 25.32375 25.36563 25.42502 25.49253 25.56188 25.62936 25.74873 25.94061 26.16625 26.38193 26.52193 26.55502 26.53066 26.52247 26.51748 26.49248 26.46056 26.40497 26.36499 26.36626 26.3769 26.38751 26.40936 26.43185 26.43935 26.43371 26.39061 26.34624 26.32689 26.32689 26.32689 26.32754 26.33821 26.36069 26.38443 26.41504 26.43564 26.43876 26.42562 26.40876 26.38123 26.36437 26.35813 26.34811 26.35062 26.35063 26.34814 26.37629 26.41064 26.44747 26.48121 26.49372
24.97562 25.03254 25.08751 25.1244 25.15812 25.18871 25.21245 25.24432 25.26309 25.27997 25.29559 25.30874 25.33126 25.36378 25.40382 25.44504 25.49438 25.61937 25.8406 26.1075 26.36004 26.52004 26.54252 26.50251 26.47623 26.44872 26.42122 26.39683 26.34997 26.31499 26.31376 26.30877 26.31502 26.33624 26.35872 26.38436 26.38996 26.36624 26.34062 26.32689 26.32689 26.32689 26.32689 26.32754 26.33131 26.33569 26.35693 26.3769 26.38689 26.39128 26.38127 26.36251 26.35252 26.34377 26.34003 26.34439 26.34566 26.35313 26.38873 26.42811 26.46683 26.50184 26.51811
24.97186 25.03378 25.09064 25.13439 25.16686 25.19684 25.21309 25.23498 25.25375 25.26438 25.27748 25.28502 25.2919 25.30443 25.32073 25.33819 25.3644 25.47124 25.70557 26.01123 26.30378 26.50942 26.53694 26.47129 26.42252 26.37313 26.34434 26.33683 26.30744 26.27807 26.28061 26.26937 26.27 26.29686 26.31061 26.34063 26.35564 26.34255 26.33629 26.32817 26.33005 26.32689 26.3344 26.34005 26.33631 26.33569 26.33378 26.33438 26.33749 26.34813 26.34564 26.33628 26.33068 26.3282 26.33008 26.33508 26.34569 26.36189 26.39436 26.4337 26.46369 26.48809 26.50688
24.9719 25.03254 25.09688 25.14062 25.17559 25.20495 25.2162 25.23309 25.25124 25.26313 25.27313 25.27878 25.28252 25.28131 25.28322 25.2882 25.29818 25.3775 25.61622 25.93561 26.24377 26.4844 26.5138 26.43813 26.37375 26.30499 26.2812 26.27872 26.2637 26.2506 26.25249 26.24498 26.25559 26.29246 26.3087 26.33312 26.34004 26.32632 26.32383 26.32758 26.33694 26.32191 26.33691 26.34316 26.33566 26.33378 26.31377 26.29375 26.2906 26.30809 26.31562 26.32501 26.31941 26.31568 26.31942 26.32442 26.3488 26.37002 26.39185 26.42558 26.44557 26.46434 26.48439
24.9719 25.03816 25.09751 25.13875 25.16749 25.19621 25.20872 25.21997 25.23686 25.24878 25.25627 25.26816 25.27814 25.27816 25.28444 25.28881 25.29568 25.35813 25.58246 25.89308 26.19123 26.43809 26.47814 26.40874 26.34001 26.27501 26.25934 26.26061 26.25871 26.25124 26.24189 26.23439 26.25439 26.30499 26.33747 26.36374 26.36378 26.33757 26.32006 26.32506 26.33191 26.315 26.33878 26.34439 26.33501 26.32627 26.29001 26.24749 26.23436 26.24686 26.25688 26.29253 26.30691 26.32819 26.34567 26.35004 26.37129 26.38873 26.41059 26.43995 26.46934 26.48314 26.49441
24.97943 25.04692 25.10316 25.13814 25.16064 25.1775 25.18562 25.1906 25.20249 25.21753 25.2269 25.24692 25.26438 25.2694 25.28005 25.28441 25.28694 25.34376 25.54996 25.84434 26.13059 26.36621 26.42064 26.35814 26.29689 26.24814 26.23686 26.24061 26.2456 26.24249 26.24064 26.23439 26.25063 26.31123 26.34996 26.38559 26.39563 26.35757 26.32631 26.31882 26.31568 26.29501 26.31689 26.32937 26.33248 26.32312 26.27062 26.20811 26.16936 26.16933 26.18747 26.2481 26.30186 26.35441 26.38876 26.38378 26.38378 26.38873 26.40499 26.42999 26.47625 26.49129 26.49255
24.98192 25.05255 25.10566 25.13628 25.15004 25.15375 25.15499 25.15557 25.16557 25.18876 25.20378 25.22755 25.24878 25.25253 25.26503 25.27003 25.27255 25.33001 25.51748 25.78748 26.0462 26.25494 26.30622 26.25812 26.22375 26.19687 26.19872 26.2062 26.20997 26.21562 26.21251 26.19254 26.1844 26.23188 26.27998 26.33809 26.37186 26.33878 26.30441 26.29191 26.28565 26.27499 26.29001 26.29437 26.31311 26.30124 26.2369 26.16503 26.09752 26.07938 26.10436 26.17871 26.26748 26.33998 26.39124 26.38876 26.36378 26.35999 26.37186 26.38937 26.45936 26.48626 26.48501
24.95626 25.0338 25.08256 25.11568 25.12506 25.12376 25.12374 25.12183 25.13244 25.15562 25.17625 25.20252 25.22627 25.23753 25.24566 25.25002 25.24817 25.29939 25.44749 25.65875 25.86997 26.03309 26.08874 26.07313 26.06439 26.05438 26.06124 26.06683 26.06809 26.08685 26.10187 26.08942 26.06379 26.09628 26.1319 26.18626 26.25126 26.21692 26.17941 26.15753 26.13439 26.13625 26.15 26.15875 26.19376 26.19125 26.13316 26.06879 25.99565 25.96942 25.99438 26.06999 26.16875 26.25187 26.31625 26.31874 26.2875 26.28559 26.29686 26.30875 26.39938 26.43939 26.44374
24.91251 24.97945 25.03194 25.0713 25.08504 25.08249 25.08186 25.07873 25.08998 25.11502 25.14378 25.17064 25.19628 25.21691 25.21939 25.21753 25.20816 25.23564 25.33753 25.51127 25.66563 25.77941 25.84001 25.82753 25.83503 25.84689 25.8469 25.85373 25.86435 25.89247 25.92559 25.91001 25.86876 25.88188 25.90189 25.95812 26.03939 26.02628 26.00191 25.98252 25.96314 25.97 25.98123 25.99687 26.03626 26.04 25.99191 25.94254 25.87188 25.85252 25.88499 25.94747 26.03687 26.10061 26.16314 26.17001 26.14753 26.15502 26.15502 26.16691 26.24876 26.29188 26.305
24.8575 24.90196 24.94321 24.98196 25.00132 25.00813 25.01122 25.01558 25.02621 25.05126 25.08252 25.10877 25.14001 25.16626 25.175 25.18189 25.17502 25.17564 25.23441 25.34441 25.44753 25.53318 25.57941 25.58005 25.5888 25.60253 25.60441 25.6106 25.61999 25.64311 25.6731 25.66876 25.63498 25.64062 25.65624 25.69312 25.76564 25.77063 25.76377 25.76001 25.74688 25.76 25.77561 25.79561 25.83627 25.84752 25.81753 25.78692 25.74313 25.7344 25.76752 25.81 25.87252 25.915 25.95751 25.98001 25.97627 25.99564 26.00189 26.01065 26.07562 26.11498 26.13561
24.81687 24.83756 24.86942 24.91193 24.93756 24.95126 24.96189 24.96874 24.98437 25.01502 25.05251 25.08126 25.11499 25.14937 25.16063 25.17439 25.17188 25.16939 25.20067 25.25379 25.30317 25.34381 25.38128 25.40129 25.41253 25.42876 25.42065 25.41686 25.42751 25.44626 25.47626 25.48626 25.4756 25.48686 25.49936 25.51188 25.55817 25.56753 25.56566 25.57189 25.56812 25.57937 25.60062 25.63061 25.65812 25.66999 25.66873 25.66186 25.65871 25.67309 25.70062 25.73189 25.76441 25.78816 25.81252 25.83878 25.85377 25.88064 25.89503 25.90064 25.94376 25.97688 25.99375
24.785 24.79065 24.82002 24.86691 24.89815 24.92062 24.93937 24.95062 24.97314 25.00379 25.03692 25.06254 25.09002 25.12503 25.14001 25.15939 25.16438 25.16874 25.19814 25.23438 25.26564 25.27753 25.30251 25.31568 25.32254 25.34941 25.34379 25.34811 25.36189 25.36816 25.38377 25.37877 25.37497 25.38559 25.40371 25.42246 25.45063 25.4775 25.48939 25.51189 25.52687 25.53499 25.55375 25.58187 25.59814 25.60626 25.61622 25.61559 25.62683 25.64681 25.66811 25.69249 25.72376 25.74439 25.76125 25.78126 25.79315 25.81691 25.8269 25.83439 25.85312 25.86938 25.88815
24.77687 24.77373 24.79749 24.83813 24.86625 24.89251 24.91499 24.93561 24.96376 24.99565 25.02879 25.04943 25.07503 25.11003 25.13564 25.17002 25.18686 25.19873 25.21874 25.22372 25.25061 25.26624 25.27626 25.30628 25.3094 25.32063 25.32746 25.33619 25.34184 25.34751 25.35754 25.35754 25.35754 25.36874 25.39248 25.4106 25.43001 25.45377 25.46751 25.48878 25.49937 25.50623 25.52188 25.54936 25.57563 25.59125 25.60747 25.61247 25.63308 25.64996 25.66749 25.69186 25.71625 25.73812 25.74811 25.76751 25.77563 25.78877 25.80126 25.80438 25.81313 25.83126 25.85504
24.77435 24.77869 24.80371 24.84621 24.87122 24.89436 24.92434 24.94563 24.97442 25.01069 25.04946 25.06946 25.09756 25.12817 25.1369 25.16501 25.17936 25.19374 25.22249 25.23372 25.2506 25.25811 25.26874 25.29125 25.30439 25.31998 25.32744 25.34307 25.34933 25.36437 25.37441 25.36818 25.37631 25.38189 25.40314 25.41625 25.43441 25.46068 25.47191 25.49129 25.49937 25.50686 25.51687 25.54562 25.57313 25.58811 25.61621 25.62871 25.65496 25.67497 25.68813 25.70999 25.72436 25.74186 25.75372 25.77376 25.78564 25.79566 25.80876 25.81251 25.81063 25.8344 25.85757
24.78124 24.80496 24.8406 24.87121 24.88871 24.90811 24.93807 24.97874 25.01752 25.06004 25.10258 25.12383 25.1513 25.16689 25.16628 25.18377 25.19501 25.21689 25.24561 25.25933 25.27494 25.28121 25.28999 25.30874 25.32191 25.33562 25.34682 25.36683 25.37431 25.39058 25.40311 25.40064 25.41129 25.4169 25.43316 25.44314 25.45564 25.47066 25.48066 25.49503 25.51188 25.5325 25.54563 25.57375 25.59502 25.61437 25.64249 25.65625 25.68312 25.69626 25.70815 25.73063 25.74061 25.75998 25.77121 25.78687 25.8069 25.81505 25.83128 25.84502 25.84001 25.86251 25.89068
24.82687 24.87371 24.92185 24.93559 24.93686 24.94377 24.97061 25.02375 25.06937 25.12563 25.18128 25.20879 25.25066 25.25936 25.255 25.26249 25.26311 25.27501 25.2881 25.30997 25.32183 25.34434 25.355 25.36435 25.37251 25.37122 25.37993 25.39746 25.40805 25.42619 25.44373 25.4506 25.46252 25.47125 25.48749 25.49374 25.50251 25.51191 25.52066 25.53004 25.5525 25.57688 25.58562 25.615 25.63313 25.65061 25.67998 25.69309 25.71936 25.73251 25.75001 25.7725 25.77809 25.80061 25.80873 25.83065 25.85004 25.85756 25.87568 25.88003 25.88002 25.90003 25.92193
24.93687 25.02373 25.08499 25.07685 25.05376 25.04878 25.07064 25.12878 25.18125 25.22126 25.26999 25.30749 25.34312 25.36622 25.36624 25.36186 25.36499 25.37249 25.38247 25.40373 25.41183 25.43559 25.45187 25.45997 25.46626 25.46374 25.46624 25.47501 25.4931 25.51308 25.53871 25.56119 25.5681 25.58123 25.59811 25.6006 25.60311 25.59751 25.59876 25.61379 25.6544 25.69441 25.71252 25.73814 25.74376 25.75063 25.77625 25.78686 25.81124 25.81937 25.83063 25.85375 25.86371 25.89561 25.90686 25.92252 25.94193 25.95631 25.97195 25.96816 25.96753 25.97376 25.98752
