UFDSM/paper_dem.txt
ncols         256
nrows         200
xllcorner     263976
yllcorner     664410
cellsize      2
NODATA_value  -9999
[rows 28 to 55 of 200, columns 63 to 125 of 256]
1.305909 1.303874 1.301599 1.299012 1.296069 1.292829 1.289377 1.285741 1.281567 1.277185 1.273149 1.270009 1.267616 1.265837 1.264633 1.26401 1.264281 1.265099 1.265962 1.266434 1.266724 1.266935 1.267062 1.267089 1.266932 1.2667 1.266544 1.266595 1.26679 1.267099 1.267528 1.268081 1.268768 1.269569 1.270463 1.271437 1.272538 1.273715 1.274896 1.276049 1.277393 1.278699 1.279637 1.279917 1.279643 1.278928 1.277832 1.276362 1.274238 1.271733 1.269282 1.267288 1.265566 1.264045 1.262757 1.261735 1.260993 1.260505 1.260234 1.26015 1.260273 1.260605 1.261134
1.307913 1.305951 1.303717 1.301109 1.298086 1.294719 1.291096 1.287245 1.282769 1.278031 1.273649 1.27024 1.26764 1.265703 1.264389 1.263707 1.264 1.264888 1.265823 1.266332 1.266641 1.266862 1.266988 1.267 1.266815 1.266542 1.266335 1.26633 1.266459 1.266695 1.267043 1.267509 1.2681 1.268802 1.269593 1.270466 1.271463 1.272537 1.273618 1.27468 1.275925 1.277139 1.278013 1.278272 1.278015 1.277348 1.276325 1.274956 1.272978 1.27065 1.268372 1.266517 1.264911 1.26349 1.262286 1.261327 1.260623 1.260153 1.259895 1.259827 1.259963 1.260305 1.260845
1.309946 1.30807 1.305889 1.303269 1.300173 1.296683 1.292891 1.288824 1.284039 1.278934 1.274193 1.270505 1.267688 1.265583 1.264151 1.263407 1.263721 1.26468 1.265689 1.266234 1.266564 1.266796 1.266923 1.266922 1.266708 1.266396 1.266139 1.266076 1.266139 1.266299 1.266564 1.26694 1.267432 1.268027 1.268709 1.269471 1.270352 1.271309 1.272278 1.273233 1.274362 1.275468 1.276263 1.276496 1.276255 1.27564 1.2747 1.273443 1.271632 1.269504 1.267421 1.26572 1.264242 1.26293 1.261814 1.260923 1.260254 1.259799 1.259551 1.259503 1.259659 1.26002 1.260583
1.31233 1.310598 1.30852 1.305914 1.302754 1.299133 1.29515 1.290827 1.285664 1.280102 1.274908 1.270868 1.267777 1.265461 1.263882 1.26306 1.263403 1.264456 1.265562 1.266157 1.266515 1.266765 1.266895 1.266879 1.266634 1.266274 1.265959 1.265829 1.265815 1.265888 1.266056 1.266328 1.266706 1.267179 1.267734 1.268364 1.269104 1.269915 1.270742 1.271562 1.272541 1.273503 1.274195 1.274391 1.274171 1.273622 1.272786 1.271672 1.270075 1.2682 1.266364 1.264856 1.263535 1.262354 1.261344 1.26053 1.259897 1.259451 1.259208 1.259182 1.259364 1.259754 1.260352
1.314709 1.313129 1.31116 1.308575 1.305358 1.301613 1.297444 1.292871 1.287333 1.281312 1.275662 1.271264 1.267892 1.265358 1.263627 1.262722 1.263093 1.264239 1.265442 1.266086 1.266472 1.266741 1.266875 1.266846 1.26657 1.266165 1.265793 1.265596 1.265504 1.265489 1.265559 1.265723 1.265982 1.266328 1.266748 1.267236 1.267822 1.268474 1.269144 1.269812 1.270621 1.271422 1.271995 1.272147 1.271948 1.271469 1.270748 1.269791 1.268428 1.266832 1.265266 1.263968 1.262815 1.261774 1.260876 1.260143 1.259544 1.259104 1.258865 1.258863 1.259079 1.259507 1.260152
1.316597 1.315104 1.313194 1.310608 1.307336 1.303492 1.29918 1.29442 1.288606 1.282249 1.276261 1.271594 1.268008 1.265306 1.263452 1.262476 1.262856 1.26406 1.265326 1.265999 1.266403 1.266683 1.26682 1.266782 1.266487 1.266052 1.265639 1.265391 1.265235 1.265144 1.265129 1.265196 1.265349 1.265578 1.265872 1.266227 1.266668 1.267169 1.267689 1.268212 1.268858 1.2695 1.269956 1.270062 1.269877 1.269461 1.268843 1.268029 1.266883 1.265544 1.264226 1.263119 1.26212 1.261206 1.26041 1.259751 1.259184 1.258749 1.258516 1.258545 1.258802 1.259278 1.259981
1.317587 1.316057 1.314109 1.311475 1.308146 1.304238 1.299855 1.295014 1.289104 1.282637 1.276539 1.271776 1.268107 1.265332 1.263419 1.262399 1.262755 1.263951 1.265214 1.265881 1.266281 1.266559 1.266693 1.266652 1.266357 1.265922 1.2655 1.265226 1.265033 1.264894 1.264819 1.264817 1.264888 1.265024 1.265219 1.265468 1.265793 1.266172 1.26657 1.266974 1.267485 1.267996 1.268353 1.268415 1.268233 1.267857 1.267312 1.266602 1.265615 1.264467 1.263333 1.262367 1.261483 1.260664 1.259945 1.259345 1.258803 1.258378 1.258159 1.258224 1.258531 1.259068 1.259842
1.31791 1.316238 1.314165 1.31144 1.308048 1.3041 1.2997 1.294863 1.288999 1.282607 1.276584 1.271864 1.268217 1.265449 1.263528 1.262482 1.262787 1.263919 1.265123 1.265753 1.266129 1.266394 1.266523 1.266484 1.266207 1.265796 1.265391 1.265115 1.264905 1.264739 1.264626 1.264573 1.264579 1.26464 1.264752 1.264914 1.265143 1.26542 1.265715 1.266017 1.266414 1.266813 1.267082 1.2671 1.266911 1.266559 1.266062 1.265424 1.264553 1.263545 1.262547 1.261687 1.260886 1.260139 1.259478 1.258925 1.258407 1.257993 1.257793 1.257903 1.258271 1.258881 1.259741
1.31766 1.31577 1.313511 1.310665 1.307209 1.303245 1.298871 1.294108 1.288404 1.282231 1.276427 1.271862 1.26832 1.26562 1.26373 1.262676 1.262908 1.263931 1.265034 1.265602 1.265942 1.266184 1.266305 1.266272 1.266026 1.26566 1.265293 1.265032 1.264824 1.264648 1.264513 1.264427 1.264385 1.264387 1.264433 1.264523 1.264673 1.264864 1.265073 1.265288 1.265586 1.265887 1.266077 1.266051 1.265848 1.265503 1.265035 1.264445 1.263656 1.26275 1.26185 1.261066 1.260326 1.25963 1.259014 1.258498 1.257998 1.257597 1.257421 1.257581 1.258019 1.258712 1.259669
1.316812 1.314646 1.312158 1.309173 1.305659 1.301705 1.297404 1.292779 1.287339 1.281514 1.276057 1.271743 1.26838 1.265803 1.26398 1.262934 1.263075 1.263954 1.264919 1.265406 1.265697 1.26591 1.26602 1.265996 1.265793 1.265487 1.265176 1.264948 1.264758 1.26459 1.264452 1.26435 1.26428 1.264242 1.26424 1.264278 1.264367 1.264492 1.264631 1.264776 1.264991 1.26521 1.26533 1.265261 1.265036 1.264687 1.264229 1.263664 1.262924 1.262081 1.261244 1.260508 1.259806 1.259143 1.258557 1.258068 1.257583 1.257194 1.257044 1.257257 1.257769 1.258553 1.259615
1.315329 1.312834 1.310074 1.306934 1.303372 1.299458 1.29528 1.290862 1.285794 1.280446 1.275461 1.271493 1.26838 1.26598 1.26426 1.263236 1.263272 1.263974 1.264767 1.265155 1.265385 1.265561 1.265658 1.265648 1.265498 1.265267 1.265028 1.264849 1.264694 1.264552 1.264431 1.264333 1.264254 1.264197 1.264169 1.264175 1.264225 1.264303 1.264391 1.264482 1.264635 1.264787 1.264848 1.264738 1.264485 1.264118 1.263651 1.263088 1.262363 1.261545 1.260733 1.260016 1.259329 1.25868 1.258109 1.257637 1.257161 1.256785 1.256663 1.256931 1.25752 1.2584 1.259573
1.313166 1.310192 1.307033 1.303668 1.300039 1.296191 1.292199 1.288094 1.283577 1.278931 1.274636 1.271173 1.268427 1.266289 1.264726 1.263745 1.263643 1.264104 1.264663 1.264915 1.265064 1.265191 1.265271 1.26528 1.265203 1.265076 1.264941 1.264835 1.264737 1.264642 1.264556 1.264482 1.26441 1.264349 1.26431 1.264302 1.264332 1.264384 1.264442 1.2645 1.264611 1.264719 1.264736 1.264585 1.264292 1.263887 1.263383 1.262784 1.262025 1.261175 1.260335 1.259596 1.258892 1.25823 1.257655 1.257187 1.256718 1.256358 1.256272 1.256605 1.257286 1.258278 1.259581
1.310338 1.306815 1.303205 1.299593 1.295907 1.292161 1.288416 1.284706 1.280863 1.277062 1.273588 1.270723 1.268413 1.266586 1.26521 1.264287 1.264035 1.264225 1.264518 1.264617 1.264674 1.264745 1.264806 1.264837 1.264843 1.264835 1.264819 1.264801 1.264777 1.264747 1.264715 1.264681 1.264638 1.264593 1.264563 1.264561 1.264591 1.264638 1.264684 1.264724 1.264812 1.264892 1.264875 1.264685 1.264347 1.263891 1.263332 1.262677 1.261851 1.260931 1.260029 1.259241 1.258497 1.257805 1.25721 1.256737 1.25627 1.255925 1.255876 1.256277 1.257053 1.258162 1.259599
1.30686 1.302863 1.298867 1.295071 1.291384 1.287794 1.284345 1.281071 1.277928 1.274979 1.272321 1.270052 1.268175 1.266658 1.265473 1.264614 1.264225 1.264162 1.264203 1.264158 1.264127 1.264143 1.264185 1.264237 1.264321 1.264424 1.264522 1.264596 1.264653 1.2647 1.264738 1.264766 1.264776 1.264778 1.264785 1.264812 1.264863 1.264921 1.264972 1.265007 1.265083 1.265141 1.265096 1.264871 1.264489 1.263982 1.263368 1.262652 1.261755 1.260758 1.259785 1.25894 1.25815 1.25742 1.2568 1.256313 1.255841 1.255503 1.255483 1.25594 1.256799 1.258013 1.25957
1.302723 1.298464 1.294279 1.290445 1.286865 1.2835 1.280381 1.27754 1.275025 1.272806 1.270837 1.269074 1.267568 1.266318 1.265301 1.264505 1.264017 1.263756 1.2636 1.263441 1.26334 1.263312 1.263337 1.263404 1.263545 1.263732 1.263923 1.264079 1.26422 1.264353 1.264476 1.264587 1.264683 1.264769 1.26485 1.264933 1.265025 1.265113 1.265181 1.265222 1.265288 1.265325 1.265252 1.264998 1.264581 1.264034 1.263376 1.262613 1.261661 1.260607 1.259579 1.258688 1.257857 1.257092 1.256444 1.255939 1.255452 1.255108 1.255099 1.255591 1.256507 1.257795 1.259439
1.297735 1.293394 1.289187 1.285453 1.282086 1.279029 1.276295 1.273912 1.272001 1.270456 1.269109 1.267809 1.266646 1.265644 1.264786 1.264058 1.263494 1.263072 1.26275 1.262497 1.262336 1.262267 1.262275 1.262352 1.262536 1.262789 1.263057 1.263294 1.263525 1.263757 1.263984 1.264202 1.264418 1.264628 1.26482 1.264988 1.265146 1.265283 1.265384 1.265443 1.265506 1.265526 1.265429 1.265149 1.264703 1.26412 1.263423 1.262618 1.261618 1.260511 1.259432 1.258497 1.257625 1.256822 1.256141 1.255609 1.255097 1.254736 1.254723 1.255231 1.256183 1.257522 1.259228
1.291939 1.287663 1.283574 1.280057 1.276999 1.274323 1.272028 1.270135 1.268821 1.267913 1.267147 1.266287 1.26545 1.264686 1.263984 1.26333 1.26271 1.262152 1.26169 1.261357 1.261144 1.261039 1.26103 1.261115 1.261331 1.261637 1.261974 1.262292 1.262621 1.262964 1.263312 1.263658 1.264023 1.264388 1.264721 1.264999 1.265242 1.265445 1.265594 1.265683 1.265751 1.265759 1.265642 1.265341 1.264869 1.264255 1.263521 1.262676 1.261629 1.26047 1.25934 1.258359 1.257442 1.256596 1.255877 1.255312 1.254768 1.254379 1.25435 1.254862 1.255834 1.257206 1.258954
1.285451 1.281386 1.277551 1.274362 1.271698 1.269467 1.267651 1.266264 1.265526 1.265209 1.264974 1.264521 1.26399 1.263452 1.262901 1.262325 1.261669 1.261005 1.26043 1.260034 1.259781 1.259645 1.259623 1.259715 1.259956 1.260304 1.260703 1.261101 1.261533 1.261998 1.26248 1.262969 1.263505 1.26405 1.264548 1.264953 1.265296 1.26558 1.265789 1.265916 1.265997 1.265997 1.265864 1.265548 1.265054 1.264411 1.263645 1.262763 1.261671 1.260464 1.259284 1.258257 1.257294 1.256405 1.255644 1.255041 1.254459 1.254035 1.253981 1.254483 1.255461 1.256849 1.258621
1.278288 1.274595 1.271164 1.26842 1.266238 1.264512 1.263211 1.26234 1.262144 1.262359 1.262595 1.26251 1.262261 1.261933 1.261527 1.261034 1.260365 1.259626 1.258968 1.258529 1.258247 1.25809 1.258059 1.258158 1.258416 1.258796 1.259247 1.259726 1.260265 1.26086 1.261487 1.262135 1.262861 1.263608 1.264292 1.264841 1.265299 1.265674 1.265953 1.266128 1.266227 1.266225 1.266079 1.265751 1.265241 1.264576 1.263781 1.262866 1.261735 1.260483 1.259257 1.258185 1.257178 1.256243 1.255439 1.254793 1.254167 1.253702 1.253614 1.254095 1.255064 1.256453 1.25823
1.269675 1.266666 1.263927 1.261857 1.260336 1.259249 1.258553 1.258245 1.258575 1.259264 1.259908 1.260157 1.26017 1.26004 1.259777 1.259374 1.258715 1.257934 1.257225 1.25676 1.256457 1.25628 1.256237 1.256336 1.256593 1.256983 1.257471 1.258029 1.258688 1.259431 1.260229 1.261069 1.26203 1.263029 1.263944 1.264672 1.265273 1.265764 1.266132 1.266368 1.266493 1.266492 1.266337 1.266001 1.265479 1.264795 1.263977 1.263033 1.261868 1.260575 1.259306 1.25819 1.257135 1.256151 1.255295 1.254598 1.253916 1.253395 1.253256 1.253695 1.254633 1.255996 1.257752
1.260161 1.258064 1.256217 1.254976 1.254226 1.253853 1.253805 1.254073 1.254896 1.256 1.256996 1.257546 1.2578 1.257856 1.257732 1.257425 1.256799 1.256007 1.255275 1.254803 1.254492 1.254303 1.254253 1.254352 1.254602 1.254992 1.255509 1.256148 1.256931 1.257833 1.258816 1.259863 1.26108 1.262352 1.263519 1.264443 1.2652 1.265818 1.266285 1.26659 1.266748 1.266752 1.266593 1.266255 1.265725 1.265027 1.264188 1.26322 1.262022 1.260693 1.259383 1.258223 1.257121 1.256086 1.255177 1.254424 1.253682 1.253099 1.2529 1.253287 1.254178 1.255501 1.257218
1.250838 1.249686 1.248748 1.248331 1.248331 1.248636 1.249194 1.249988 1.251245 1.252704 1.253998 1.25481 1.25528 1.255507 1.255517 1.25531 1.254735 1.253962 1.253237 1.25278 1.25248 1.252299 1.252257 1.252369 1.252622 1.253019 1.253572 1.254292 1.255197 1.256252 1.257411 1.258654 1.260109 1.261637 1.263038 1.264144 1.26505 1.265789 1.266351 1.266726 1.26692 1.266937 1.266779 1.266444 1.265911 1.265202 1.264346 1.263356 1.26213 1.260765 1.259415 1.258214 1.257068 1.255987 1.255028 1.254225 1.253428 1.252789 1.252536 1.252872 1.253719 1.255 1.256676
1.242919 1.242509 1.242279 1.242502 1.243083 1.243916 1.244944 1.246151 1.247754 1.249501 1.25104 1.252071 1.252727 1.253107 1.253244 1.253139 1.252632 1.251903 1.251215 1.250801 1.25054 1.250393 1.250386 1.250537 1.25082 1.25125 1.251853 1.252656 1.253673 1.254859 1.256163 1.257566 1.259209 1.260935 1.262517 1.263769 1.264794 1.265633 1.266276 1.266713 1.266946 1.266985 1.266839 1.266511 1.265979 1.265263 1.264393 1.263383 1.262127 1.260727 1.259338 1.258101 1.256918 1.255798 1.254801 1.253959 1.253123 1.252445 1.252153 1.252455 1.25327 1.254521 1.256169
1.236148 1.236321 1.236645 1.23736 1.238384 1.239615 1.240997 1.242512 1.244367 1.246324 1.248047 1.249249 1.250058 1.250572 1.250828 1.25083 1.250413 1.249761 1.249145 1.248802 1.248608 1.248524 1.248578 1.24879 1.249126 1.249608 1.250274 1.251163 1.252283 1.253584 1.255014 1.256549 1.258342 1.260223 1.26195 1.263319 1.264444 1.26537 1.266087 1.266583 1.266861 1.266931 1.266807 1.266495 1.265968 1.265247 1.264366 1.263337 1.262051 1.260613 1.259186 1.257914 1.256698 1.255546 1.254517 1.253645 1.252781 1.252076 1.251758 1.252033 1.252823 1.254051 1.255676
1.230343 1.230973 1.231724 1.232813 1.234164 1.235684 1.237318 1.239048 1.241071 1.243162 1.245006 1.246334 1.247265 1.247897 1.248266 1.248379 1.248072 1.247528 1.247016 1.246771 1.246668 1.246669 1.246805 1.247096 1.2475 1.248048 1.248787 1.249761 1.250978 1.252383 1.253921 1.255567 1.257483 1.259487 1.261329 1.262796 1.264008 1.265011 1.265794 1.266348 1.266673 1.266783 1.266689 1.266396 1.265878 1.265157 1.264268 1.263223 1.261909 1.260434 1.258969 1.257666 1.256422 1.255242 1.254189 1.253294 1.25241 1.251687 1.251351 1.251606 1.252376 1.253584 1.255188
1.225541 1.226488 1.227533 1.228869 1.23043 1.23213 1.233917 1.235774 1.237886 1.240041 1.24195 1.243362 1.244388 1.245121 1.245596 1.245823 1.245643 1.245233 1.244852 1.244726 1.244733 1.244839 1.245074 1.245457 1.245945 1.24657 1.247386 1.248446 1.249751 1.251247 1.252877 1.254615 1.256625 1.258724 1.260654 1.2622 1.263483 1.264552 1.265395 1.266001 1.266375 1.266528 1.266467 1.266197 1.265692 1.264975 1.264082 1.263025 1.261686 1.26018 1.258683 1.257354 1.256087 1.254888 1.253816 1.252905 1.25201 1.251277 1.250931 1.251173 1.251929 1.253121 1.254709
1.221844 1.222945 1.224131 1.225575 1.227218 1.228981 1.230816 1.232709 1.234828 1.236981 1.238899 1.240354 1.241447 1.242263 1.242838 1.243181 1.243143 1.242891 1.242667 1.24268 1.242817 1.243045 1.243394 1.243884 1.244467 1.245179 1.246079 1.247222 1.248608 1.250181 1.251885 1.253694 1.255772 1.257935 1.259925 1.261528 1.262868 1.26399 1.264884 1.265538 1.26596 1.266158 1.266135 1.265891 1.265402 1.264692 1.263799 1.262735 1.261378 1.259845 1.258322 1.256974 1.255692 1.25448 1.253398 1.252479 1.25158 1.250846 1.250498 1.250735 1.251482 1.252664 1.254241
1.219845 1.220836 1.221913 1.22324 1.224759 1.2264 1.228117 1.2299 1.231899 1.233941 1.235783 1.237216 1.238332 1.239209 1.239876 1.240342 1.240476 1.240427 1.240406 1.240598 1.2409 1.241285 1.241782 1.242406 1.243112 1.243935 1.244935 1.246164 1.247622 1.249255 1.251007 1.252856 1.254959 1.257138 1.259147 1.26078 1.262156 1.263321 1.264259 1.26496 1.265439 1.265696 1.265725 1.265515 1.265047 1.264348 1.263456 1.262385 1.261005 1.259441 1.257888 1.25652 1.255226 1.254006 1.252919 1.252001 1.251111 1.250389 1.250052 1.250293 1.251037 1.252214 1.253784
