UFDSM/paper_dem.txt
ncols         256
nrows         200
xllcorner     263976
yllcorner     664410
cellsize      2
NODATA_value  -9999
[rows 0 to 27 of 200, columns 63 to 125 of 256]
1.284449 1.283665 1.282877 1.282343 1.282066 1.281788 1.28151 1.281453 1.281618 1.281783 1.281948 1.282165 1.282434 1.282702 1.28297 1.283229 1.28348 1.28373 1.28398 1.284127 1.284171 1.284215 1.284258 1.284132 1.283835 1.283537 1.283239 1.282618 1.281669 1.280715 1.279754 1.278551 1.2771 1.275635 1.274155 1.272784 1.271523 1.270253 1.268972 1.267934 1.267146 1.266353 1.265557 1.265211 1.265319 1.265427 1.265535 1.266041 1.266941 1.267837 1.268727 1.269748 1.270897 1.272038 1.27317 1.274138 1.274946 1.27575 1.276549 1.276486 1.27556 1.274627 1.273689
1.284445 1.283661 1.282867 1.282333 1.282062 1.281785 1.281501 1.281445 1.281616 1.281782 1.281946 1.282164 1.282435 1.282704 1.282973 1.283234 1.283485 1.283736 1.28399 1.284137 1.284178 1.284222 1.28427 1.284144 1.283842 1.283543 1.283252 1.282629 1.281672 1.280716 1.27976 1.278555 1.277097 1.275631 1.274147 1.272774 1.271516 1.270244 1.268956 1.267918 1.267136 1.266344 1.265537 1.265191 1.26531 1.265418 1.265517 1.266024 1.266935 1.267831 1.268719 1.269741 1.270894 1.272035 1.273172 1.274141 1.274945 1.275749 1.276569 1.276506 1.275557 1.274624 1.273703
1.284617 1.28384 1.283053 1.282516 1.282233 1.281944 1.281649 1.281573 1.281715 1.281852 1.281988 1.282169 1.282396 1.282621 1.282847 1.283063 1.283271 1.283478 1.283687 1.28381 1.283847 1.283886 1.283929 1.283818 1.283553 1.283291 1.283036 1.282459 1.281555 1.280653 1.279751 1.278603 1.277204 1.275797 1.274375 1.273052 1.271832 1.270599 1.269351 1.268334 1.267554 1.266765 1.265961 1.265607 1.265706 1.265794 1.265874 1.266353 1.267227 1.268088 1.268941 1.269925 1.271037 1.272139 1.273236 1.274181 1.274975 1.275769 1.276578 1.27654 1.275654 1.274782 1.273924
1.284966 1.284202 1.283429 1.282887 1.28258 1.282266 1.281948 1.28183 1.281914 1.281993 1.282072 1.28218 1.282317 1.282454 1.28259 1.282717 1.282835 1.282954 1.283073 1.283146 1.283174 1.283203 1.283235 1.283156 1.282967 1.28278 1.2826 1.282114 1.281318 1.280525 1.279733 1.2787 1.27742 1.276134 1.274836 1.273614 1.27247 1.271315 1.270146 1.269173 1.268397 1.267613 1.266816 1.266445 1.266504 1.266553 1.266593 1.267015 1.267818 1.268607 1.26939 1.270297 1.271328 1.272349 1.273366 1.274261 1.275035 1.275809 1.276595 1.276609 1.275849 1.275103 1.274369
1.28531 1.284559 1.283799 1.283252 1.282921 1.282584 1.282242 1.282084 1.28211 1.282133 1.282155 1.28219 1.282239 1.282287 1.282336 1.282375 1.282404 1.282434 1.282463 1.282487 1.282506 1.282525 1.282546 1.282499 1.282386 1.282273 1.282167 1.281772 1.281083 1.280399 1.279716 1.278796 1.277633 1.276467 1.27529 1.274167 1.273097 1.272018 1.270928 1.269997 1.269226 1.268448 1.267656 1.267269 1.267288 1.267298 1.2673 1.267668 1.268399 1.269119 1.269832 1.270665 1.271615 1.272557 1.273494 1.27434 1.275095 1.275848 1.276613 1.276677 1.276041 1.275419 1.274809
1.285653 1.284917 1.284168 1.283617 1.283266 1.282906 1.282537 1.282339 1.28231 1.282274 1.282238 1.2822 1.28216 1.282121 1.282082 1.282032 1.281973 1.281914 1.281852 1.281827 1.281838 1.281847 1.281856 1.281841 1.2818 1.281759 1.28173 1.281424 1.280837 1.28026 1.279692 1.278884 1.277835 1.27679 1.275738 1.274713 1.273718 1.272716 1.271703 1.270813 1.270053 1.269283 1.268494 1.268091 1.268082 1.268054 1.26801 1.268324 1.268991 1.269639 1.270278 1.271036 1.271907 1.272768 1.273626 1.274421 1.275149 1.275875 1.276624 1.276736 1.276209 1.275709 1.275234
1.286008 1.285253 1.284575 1.284001 1.283524 1.283135 1.282825 1.282582 1.282446 1.282383 1.282329 1.282225 1.282098 1.281963 1.281821 1.281672 1.281494 1.281313 1.281162 1.281073 1.281043 1.281052 1.281077 1.281109 1.281219 1.281332 1.281343 1.281168 1.280845 1.28039 1.279816 1.279134 1.278287 1.277323 1.276334 1.275396 1.274455 1.273514 1.272605 1.271743 1.270857 1.27002 1.269335 1.268878 1.268615 1.268535 1.268628 1.268874 1.269324 1.269935 1.270623 1.271314 1.272071 1.272878 1.273678 1.274445 1.275313 1.276148 1.276752 1.27698 1.276914 1.276569 1.27595
1.286659 1.285942 1.285281 1.284708 1.284215 1.283789 1.28342 1.283105 1.282881 1.282709 1.282531 1.282295 1.282019 1.281723 1.281415 1.281096 1.280729 1.280355 1.28004 1.279843 1.27975 1.279731 1.279766 1.279847 1.28005 1.280293 1.280458 1.280443 1.280291 1.280032 1.279669 1.2792 1.278589 1.277875 1.27712 1.276375 1.2756 1.2748 1.274004 1.273225 1.272394 1.27158 1.270888 1.270412 1.270116 1.269972 1.269974 1.270121 1.270456 1.270928 1.271466 1.272012 1.272617 1.273265 1.273919 1.274557 1.275278 1.275985 1.276535 1.276806 1.276859 1.276722 1.276389
1.28738 1.286701 1.286061 1.285484 1.284967 1.284496 1.284063 1.283664 1.283335 1.283039 1.282724 1.282341 1.281902 1.28143 1.280941 1.28044 1.279865 1.279283 1.27879 1.278475 1.278311 1.278264 1.278311 1.278445 1.278751 1.279136 1.279466 1.279624 1.279667 1.279621 1.279483 1.279249 1.278901 1.278461 1.277961 1.277429 1.276835 1.27619 1.275519 1.274834 1.274064 1.27328 1.272592 1.272097 1.271757 1.271544 1.271455 1.271491 1.271686 1.272001 1.272375 1.272759 1.273191 1.273665 1.274156 1.27465 1.275208 1.27577 1.276246 1.276559 1.276755 1.276842 1.276806
1.288116 1.287462 1.286828 1.286234 1.285675 1.285141 1.284627 1.284129 1.283675 1.283235 1.282769 1.282234 1.281636 1.281 1.280345 1.279681 1.278929 1.278171 1.277529 1.277116 1.276894 1.276824 1.276882 1.277064 1.27746 1.277969 1.278444 1.278761 1.278985 1.279139 1.279215 1.279205 1.27911 1.278935 1.278686 1.278364 1.277955 1.277472 1.276938 1.276362 1.275675 1.274947 1.274285 1.273785 1.273405 1.273123 1.272938 1.272853 1.272892 1.273025 1.273213 1.273419 1.273668 1.273958 1.274278 1.274619 1.275011 1.275426 1.275821 1.276165 1.276487 1.27678 1.277015
1.288813 1.288158 1.287504 1.286866 1.286239 1.285617 1.284997 1.284377 1.283773 1.283169 1.282539 1.281858 1.281123 1.280354 1.279578 1.278802 1.277945 1.277092 1.276374 1.275909 1.275657 1.275577 1.275648 1.275864 1.276316 1.276902 1.277475 1.277908 1.27827 1.278582 1.278831 1.279007 1.279124 1.279175 1.279142 1.279012 1.27878 1.278461 1.278074 1.277625 1.277053 1.27642 1.275821 1.275337 1.274931 1.274584 1.274301 1.274086 1.273948 1.273875 1.273852 1.273866 1.273926 1.274031 1.274181 1.274373 1.274611 1.274891 1.275209 1.275564 1.275975 1.27642 1.276863
1.289497 1.28882 1.288127 1.287423 1.286704 1.28597 1.285221 1.284457 1.283677 1.282883 1.282072 1.281243 1.280381 1.279504 1.278636 1.277788 1.276882 1.275999 1.275262 1.274781 1.274522 1.274444 1.274527 1.274767 1.275249 1.275876 1.276508 1.277027 1.277498 1.277939 1.278334 1.278671 1.278977 1.279231 1.2794 1.279454 1.279401 1.279255 1.279029 1.278726 1.278301 1.277801 1.277296 1.276848 1.276423 1.276013 1.275627 1.275272 1.274933 1.274622 1.27436 1.274163 1.274019 1.27393 1.273902 1.273939 1.274024 1.274172 1.274408 1.274755 1.275227 1.275787 1.276393
1.29018 1.289466 1.288715 1.287928 1.2871 1.286234 1.285336 1.284409 1.283433 1.282426 1.28142 1.280439 1.279459 1.27849 1.277554 1.276664 1.275753 1.27489 1.274178 1.273712 1.273462 1.273395 1.273492 1.273747 1.274237 1.274876 1.275539 1.276117 1.276675 1.277223 1.277743 1.278224 1.278701 1.279142 1.279501 1.279735 1.279863 1.279897 1.279842 1.2797 1.279445 1.279105 1.278718 1.27832 1.277883 1.277411 1.276919 1.276414 1.275857 1.275287 1.274763 1.274339 1.273982 1.273691 1.273479 1.273354 1.273286 1.273304 1.273453 1.27378 1.274289 1.274936 1.275672
1.290863 1.290095 1.289272 1.288386 1.287431 1.286417 1.285356 1.284252 1.283061 1.281827 1.280615 1.279483 1.278394 1.277348 1.276367 1.275462 1.274586 1.273788 1.273142 1.272716 1.272492 1.272444 1.272553 1.272816 1.273296 1.273921 1.274587 1.275203 1.275824 1.276456 1.277081 1.277685 1.278311 1.278921 1.279454 1.279859 1.280164 1.28038 1.280503 1.280531 1.280462 1.280301 1.280051 1.279711 1.279269 1.278738 1.278139 1.277481 1.276695 1.275851 1.275053 1.274393 1.27382 1.273324 1.272927 1.272641 1.272424 1.272317 1.272381 1.272675 1.273202 1.273909 1.274742
1.291543 1.290704 1.289793 1.288793 1.287696 1.286519 1.28528 1.283985 1.282567 1.281092 1.279666 1.278383 1.277194 1.27609 1.275087 1.274197 1.273396 1.272708 1.272168 1.271809 1.271627 1.271604 1.271727 1.27199 1.272441 1.273027 1.273668 1.274297 1.274958 1.27565 1.276355 1.27706 1.277813 1.278567 1.279256 1.279821 1.280299 1.280695 1.280999 1.281203 1.281335 1.281369 1.281268 1.280998 1.280555 1.279967 1.279262 1.278449 1.277429 1.276301 1.275219 1.274319 1.273526 1.272826 1.272246 1.271802 1.271447 1.271225 1.271207 1.271459 1.271983 1.272721 1.273616
1.292204 1.291274 1.290252 1.289114 1.28785 1.286482 1.285036 1.283524 1.281844 1.280096 1.278432 1.276994 1.275718 1.274581 1.273592 1.272763 1.272106 1.271605 1.27124 1.270993 1.270879 1.270896 1.271033 1.271284 1.271677 1.272182 1.272756 1.273363 1.274029 1.27475 1.275506 1.276287 1.277141 1.278019 1.278849 1.27957 1.280226 1.280818 1.281321 1.281726 1.282091 1.28236 1.282443 1.282259 1.281823 1.281178 1.28036 1.279377 1.278094 1.276646 1.275245 1.274078 1.273047 1.272127 1.271352 1.270741 1.270248 1.269915 1.269812 1.270003 1.270492 1.271222 1.272132
1.292866 1.29183 1.290683 1.289393 1.287946 1.286372 1.284707 1.282962 1.281006 1.27897 1.277058 1.275462 1.274108 1.272954 1.272003 1.271263 1.270789 1.270521 1.270369 1.270258 1.270227 1.270291 1.270442 1.270673 1.27099 1.27139 1.271871 1.272432 1.273081 1.273808 1.274593 1.275429 1.276363 1.277344 1.278299 1.279167 1.279999 1.280787 1.281494 1.282105 1.282719 1.283237 1.283516 1.283428 1.283004 1.282305 1.281374 1.28022 1.278667 1.27689 1.275158 1.273718 1.272446 1.271306 1.270335 1.269559 1.268934 1.268498 1.268311 1.268431 1.268865 1.269558 1.27045
1.293558 1.292409 1.291132 1.289689 1.288062 1.286288 1.284409 1.282441 1.280221 1.277908 1.27576 1.274015 1.272588 1.271421 1.270508 1.269857 1.269563 1.269521 1.269577 1.269597 1.269646 1.269753 1.269916 1.270126 1.270366 1.270661 1.271047 1.271556 1.27218 1.272901 1.273702 1.274579 1.275576 1.276642 1.277702 1.278699 1.279689 1.280653 1.281546 1.282348 1.28319 1.283939 1.284401 1.284401 1.28399 1.283245 1.282213 1.280905 1.279108 1.27703 1.274998 1.273309 1.271817 1.270479 1.269332 1.268407 1.267667 1.267142 1.266881 1.266933 1.267309 1.267957 1.268818
1.294299 1.293038 1.291636 1.290051 1.288263 1.286311 1.284245 1.282083 1.279636 1.277089 1.274738 1.27286 1.271361 1.270172 1.26928 1.268692 1.268535 1.268667 1.268883 1.269004 1.269112 1.269252 1.269422 1.269614 1.269793 1.270005 1.270316 1.270784 1.271387 1.272102 1.272916 1.273824 1.27487 1.276001 1.277145 1.278243 1.279358 1.280463 1.281504 1.282457 1.283481 1.284413 1.285021 1.285092 1.284692 1.283911 1.2828 1.281372 1.279382 1.277067 1.274796 1.27291 1.271246 1.26975 1.268465 1.267424 1.266596 1.266004 1.265687 1.265686 1.266016 1.266629 1.267465
1.295066 1.293686 1.292155 1.290433 1.288494 1.28638 1.284147 1.281814 1.279172 1.276425 1.2739 1.271906 1.270343 1.269131 1.268253 1.267713 1.267666 1.26794 1.268286 1.268487 1.268642 1.268806 1.26898 1.269155 1.269281 1.269422 1.269667 1.270097 1.270678 1.271382 1.272199 1.273126 1.274203 1.275379 1.276584 1.277761 1.278975 1.280193 1.281354 1.282431 1.283604 1.284689 1.285417 1.285547 1.285158 1.284349 1.283177 1.281652 1.279507 1.276999 1.274535 1.272492 1.27069 1.269071 1.267679 1.266549 1.265656 1.265018 1.264661 1.264619 1.264908 1.265484 1.266291
1.295868 1.294365 1.292705 1.290849 1.288767 1.286502 1.284114 1.281624 1.278809 1.275886 1.273207 1.271109 1.269486 1.268251 1.267381 1.26688 1.266925 1.26732 1.267776 1.268044 1.268237 1.26842 1.268594 1.268751 1.26883 1.268907 1.269092 1.269482 1.270036 1.270722 1.271532 1.272463 1.273555 1.274757 1.276001 1.277236 1.278525 1.279834 1.281091 1.282269 1.283567 1.284779 1.285609 1.28579 1.285412 1.284583 1.283363 1.281762 1.279492 1.276829 1.274209 1.272041 1.270133 1.26842 1.266946 1.26575 1.264814 1.264147 1.263765 1.263687 1.263938 1.264475 1.265248
1.29673 1.295107 1.293321 1.291337 1.28912 1.286714 1.284182 1.281548 1.278573 1.275489 1.27267 1.270474 1.268791 1.267529 1.266659 1.266185 1.266305 1.266798 1.267346 1.267666 1.267889 1.268086 1.268258 1.268398 1.268434 1.268454 1.268585 1.268936 1.269459 1.27012 1.270913 1.271837 1.272927 1.274137 1.275401 1.276671 1.278014 1.279388 1.280718 1.281973 1.283369 1.284683 1.285594 1.285818 1.285451 1.284609 1.283355 1.281699 1.279336 1.276556 1.273821 1.271561 1.269577 1.267798 1.266269 1.265029 1.26407 1.263389 1.262993 1.26289 1.263105 1.263605 1.264339
1.297662 1.295924 1.294018 1.291913 1.28957 1.287033 1.284368 1.2816 1.27848 1.27525 1.272301 1.27001 1.268266 1.26697 1.266091 1.26563 1.265805 1.266374 1.266991 1.267351 1.267596 1.2678 1.267968 1.268091 1.26809 1.268063 1.268146 1.268459 1.268948 1.269578 1.270346 1.271251 1.272324 1.273522 1.274786 1.276071 1.277444 1.278859 1.280236 1.281544 1.28301 1.284398 1.28537 1.285627 1.285271 1.284424 1.283151 1.28146 1.279037 1.276182 1.273372 1.271055 1.269026 1.267211 1.265654 1.264393 1.263428 1.26275 1.262353 1.262233 1.262418 1.262881 1.263577
1.298588 1.296723 1.29469 1.292467 1.290008 1.287357 1.284583 1.28171 1.278486 1.275155 1.272118 1.269759 1.267967 1.26664 1.265745 1.265284 1.265484 1.266093 1.266745 1.267123 1.267374 1.267577 1.267737 1.267843 1.267815 1.267753 1.267799 1.268077 1.268529 1.269122 1.269854 1.270725 1.271763 1.272927 1.274166 1.275442 1.276818 1.278245 1.279642 1.280977 1.282483 1.283916 1.284927 1.285207 1.284862 1.284018 1.282741 1.281038 1.27859 1.275702 1.272861 1.270527 1.268491 1.266675 1.265123 1.263872 1.26293 1.262279 1.261898 1.261773 1.261933 1.262357 1.263007
1.299584 1.297599 1.295445 1.29311 1.290544 1.287789 1.284914 1.281946 1.278629 1.27521 1.272094 1.26967 1.267827 1.266464 1.265545 1.265071 1.265278 1.265905 1.266575 1.266958 1.267207 1.267405 1.267554 1.267644 1.267594 1.267504 1.267518 1.267761 1.268173 1.268723 1.26941 1.270235 1.271221 1.272334 1.273528 1.274772 1.276128 1.277543 1.278936 1.280273 1.281792 1.283245 1.284276 1.284569 1.284236 1.283403 1.282135 1.280442 1.278 1.275118 1.272287 1.269969 1.267957 1.26617 1.264648 1.263429 1.262528 1.261919 1.261567 1.261445 1.261584 1.261971 1.262574
1.300761 1.298687 1.296439 1.294009 1.291342 1.28848 1.285494 1.282413 1.278972 1.275427 1.272193 1.269673 1.267756 1.266337 1.265378 1.264881 1.265093 1.26574 1.26643 1.266819 1.267068 1.267261 1.2674 1.267474 1.267402 1.267286 1.267267 1.267471 1.267838 1.268339 1.268973 1.269742 1.270666 1.271714 1.27285 1.274047 1.275364 1.276748 1.278116 1.279436 1.280945 1.282395 1.283428 1.283728 1.283408 1.282592 1.281347 1.279681 1.277274 1.274433 1.271646 1.269373 1.267406 1.265665 1.264189 1.263013 1.262158 1.261591 1.261269 1.261154 1.261279 1.261636 1.2622
1.302224 1.300117 1.297821 1.295318 1.292552 1.289571 1.286448 1.283212 1.279579 1.275821 1.272386 1.26971 1.267673 1.266164 1.265144 1.264616 1.264843 1.265533 1.266266 1.266675 1.266933 1.267128 1.267261 1.267319 1.267221 1.26707 1.26701 1.26717 1.267486 1.267931 1.268505 1.269212 1.270067 1.271044 1.272113 1.273251 1.274515 1.275851 1.277178 1.278463 1.279942 1.281368 1.282388 1.282689 1.282383 1.281592 1.280381 1.27876 1.276415 1.273647 1.270935 1.268727 1.26682 1.265136 1.263711 1.262578 1.261762 1.261226 1.260925 1.260817 1.260935 1.261275 1.261815
1.303976 1.301888 1.299587 1.297034 1.294176 1.291067 1.287784 1.284358 1.280472 1.276425 1.272713 1.269823 1.267623 1.26599 1.264887 1.264316 1.264564 1.265314 1.266108 1.266546 1.266818 1.26702 1.267149 1.267192 1.267065 1.266874 1.266768 1.266875 1.267133 1.267513 1.268018 1.268653 1.269428 1.270323 1.271311 1.272374 1.273565 1.274832 1.276096 1.277325 1.278748 1.280126 1.281113 1.281408 1.281117 1.28036 1.2792 1.277645 1.275395 1.272742 1.270143 1.268028 1.266204 1.264594 1.263231 1.26215 1.261371 1.26086 1.260575 1.260477 1.260595 1.260926 1.261456
