UFDSM/paper_dem.txt
ncols         256
nrows         200
xllcorner     263976
yllcorner     664410
cellsize      2
NODATA_value  -9999
[rows 56 to 83 of 200, columns 189 to 251 of 256]
1.356552 1.357998 1.359741 1.361626 1.363445 1.365024 1.366449 1.367773 1.369009 1.370158 1.371157 1.372086 1.373053 1.374149 1.375328 1.376565 1.377854 1.379197 1.380615 1.382074 1.383536 1.384965 1.38638 1.387787 1.389181 1.39056 1.391929 1.393283 1.394617 1.395923 1.397206 1.398467 1.399708 1.400927 1.402126 1.403305 1.404467 1.405613 1.406741 1.407853 1.408953 1.410044 1.411113 1.412173 1.413239 1.414328 1.415442 1.416562 1.417671 1.4188 1.420223 1.421592 1.422451 1.421972 1.417691 1.412774 1.412394 1.421562 1.439414 1.456423 1.468121 1.471782 1.471278
1.356198 1.357573 1.359239 1.361048 1.362802 1.364334 1.365727 1.367029 1.368254 1.369401 1.370411 1.371361 1.372352 1.373472 1.374676 1.37594 1.377261 1.378638 1.380089 1.381585 1.383089 1.384572 1.386049 1.387525 1.388991 1.390444 1.391898 1.393339 1.394751 1.396118 1.397449 1.398749 1.400019 1.40126 1.402468 1.40365 1.404812 1.405959 1.407087 1.408199 1.409297 1.410385 1.411451 1.412506 1.413569 1.414655 1.415765 1.416883 1.41799 1.419116 1.420534 1.421898 1.422755 1.422285 1.418043 1.413172 1.412796 1.421881 1.439592 1.456493 1.468131 1.471774 1.471272
1.355842 1.357167 1.358775 1.360524 1.362227 1.363726 1.365096 1.366385 1.367606 1.368756 1.369782 1.370753 1.371767 1.372906 1.374128 1.37541 1.376748 1.378143 1.37961 1.381123 1.382649 1.384162 1.385678 1.387197 1.388711 1.390215 1.391726 1.393228 1.394694 1.396104 1.39747 1.3988 1.400093 1.401352 1.402571 1.403759 1.404925 1.406077 1.40721 1.408326 1.409428 1.410518 1.411587 1.412644 1.413709 1.414795 1.415905 1.417023 1.418128 1.419252 1.420667 1.422028 1.422883 1.422414 1.418187 1.413333 1.412957 1.422009 1.439664 1.456521 1.468135 1.471772 1.471271
1.355514 1.356802 1.358361 1.360061 1.361721 1.363192 1.364547 1.365829 1.367049 1.368206 1.369249 1.370243 1.371279 1.372433 1.373664 1.374952 1.376295 1.377693 1.379157 1.380667 1.382194 1.383718 1.385253 1.386796 1.388338 1.389874 1.391425 1.392968 1.394474 1.395916 1.397308 1.398661 1.399973 1.401248 1.402479 1.403675 1.404849 1.40601 1.407153 1.408277 1.409387 1.410486 1.411563 1.412629 1.4137 1.414791 1.415905 1.417024 1.418129 1.419253 1.420666 1.422023 1.422875 1.422403 1.418171 1.413313 1.412935 1.42199 1.439653 1.456517 1.468135 1.471776 1.471274
1.355197 1.356457 1.357975 1.359629 1.36125 1.362697 1.364039 1.365316 1.366538 1.367703 1.368764 1.369782 1.370839 1.372002 1.373235 1.37452 1.375857 1.377245 1.378691 1.38018 1.381693 1.383213 1.384751 1.386304 1.38786 1.389414 1.390991 1.392564 1.394098 1.395563 1.396977 1.398347 1.399677 1.400967 1.40221 1.403417 1.404602 1.405776 1.406931 1.408068 1.409192 1.410303 1.411394 1.412473 1.413556 1.414655 1.415775 1.416898 1.418005 1.419129 1.420541 1.421896 1.422744 1.422265 1.418012 1.413128 1.412746 1.421839 1.439568 1.456484 1.468131 1.471781 1.471277
1.354864 1.356102 1.357584 1.359196 1.360781 1.362208 1.363539 1.364813 1.366037 1.36721 1.36829 1.369331 1.370405 1.371574 1.372803 1.374078 1.375399 1.376766 1.378183 1.37964 1.381124 1.382627 1.384156 1.385705 1.387263 1.388825 1.390415 1.392006 1.393559 1.39504 1.396469 1.397854 1.399199 1.400502 1.401759 1.40298 1.404179 1.405367 1.406539 1.407693 1.408833 1.409962 1.41107 1.412168 1.413266 1.414377 1.415505 1.416634 1.417745 1.418871 1.420284 1.421638 1.422482 1.421991 1.417698 1.412768 1.412378 1.421544 1.439404 1.45642 1.468123 1.471785 1.47128
1.354501 1.355725 1.357177 1.358751 1.360303 1.361711 1.363035 1.364307 1.365535 1.366715 1.367814 1.368877 1.369967 1.371137 1.372356 1.373613 1.37491 1.376248 1.377625 1.379037 1.380481 1.381955 1.383463 1.384996 1.386543 1.3881 1.389691 1.391288 1.392848 1.394338 1.395776 1.397173 1.39853 1.399847 1.401119 1.402355 1.403571 1.404778 1.405968 1.407143 1.408304 1.409453 1.410585 1.411705 1.412823 1.413949 1.415088 1.416225 1.417341 1.418471 1.419887 1.421241 1.422081 1.421574 1.41722 1.41222 1.411818 1.421098 1.439155 1.456323 1.46811 1.471795 1.471287
1.354195 1.35542 1.356854 1.358402 1.35993 1.361328 1.362652 1.363929 1.365166 1.366359 1.36748 1.368567 1.369672 1.370836 1.372036 1.373262 1.374519 1.375809 1.377123 1.378466 1.379844 1.381265 1.382727 1.384221 1.385735 1.387265 1.388837 1.39042 1.391971 1.393456 1.394894 1.396296 1.397661 1.39899 1.400277 1.401533 1.40277 1.403999 1.405215 1.406416 1.407604 1.408781 1.409942 1.411092 1.412236 1.413382 1.414535 1.415682 1.416806 1.41794 1.419359 1.420713 1.421547 1.421018 1.416582 1.411487 1.41107 1.420502 1.438822 1.456195 1.468094 1.471813 1.4713
1.353856 1.355089 1.35651 1.358034 1.359541 1.360932 1.362256 1.36354 1.364786 1.36599 1.367133 1.368243 1.36936 1.370516 1.37169 1.372879 1.374088 1.37532 1.376561 1.377822 1.379123 1.380479 1.381884 1.383326 1.384795 1.386287 1.387827 1.389384 1.390916 1.392389 1.393823 1.395225 1.396596 1.397937 1.399241 1.400519 1.40178 1.403035 1.404279 1.40551 1.406729 1.407938 1.409134 1.410318 1.411494 1.412662 1.413833 1.414993 1.416125 1.417265 1.418689 1.420045 1.420872 1.420316 1.415778 1.410563 1.410128 1.419752 1.438406 1.456034 1.468073 1.47183 1.471312
1.353349 1.354583 1.355984 1.357477 1.358955 1.360331 1.361649 1.362932 1.364179 1.365389 1.366546 1.367672 1.368796 1.369941 1.37109 1.372244 1.373409 1.374589 1.375764 1.376954 1.378185 1.379482 1.380835 1.382229 1.383657 1.385113 1.386622 1.388154 1.389668 1.39113 1.392559 1.393964 1.395343 1.396696 1.398019 1.399319 1.400607 1.401889 1.403162 1.404424 1.405675 1.406916 1.408147 1.409367 1.410573 1.411767 1.412956 1.414132 1.415276 1.416424 1.417859 1.419221 1.420045 1.419459 1.414797 1.409437 1.408982 1.418843 1.437903 1.455841 1.468048 1.471847 1.471324
1.352549 1.353766 1.355129 1.356572 1.358004 1.359349 1.360644 1.36191 1.363144 1.364346 1.365503 1.366634 1.367757 1.368891 1.370021 1.37115 1.372286 1.373433 1.374568 1.375712 1.376901 1.378163 1.379483 1.38085 1.382253 1.38369 1.385182 1.386701 1.388206 1.389667 1.391099 1.392511 1.393901 1.39527 1.396613 1.397937 1.399249 1.400558 1.401858 1.40315 1.404431 1.405701 1.406963 1.408215 1.409451 1.410668 1.411879 1.413071 1.41423 1.415392 1.416844 1.418221 1.419047 1.418429 1.413622 1.408092 1.407614 1.417762 1.437309 1.455613 1.468019 1.471871 1.47134
1.351484 1.352669 1.353978 1.355355 1.356725 1.358023 1.359281 1.360515 1.361724 1.362905 1.364051 1.365174 1.36629 1.367412 1.368526 1.369638 1.370755 1.371882 1.372994 1.374115 1.375281 1.376524 1.377829 1.379181 1.380573 1.382001 1.383486 1.385 1.386506 1.38797 1.38941 1.390833 1.392238 1.393624 1.394988 1.396335 1.397672 1.399006 1.400333 1.401652 1.402961 1.404259 1.405552 1.406833 1.408097 1.409339 1.410572 1.411785 1.412963 1.414143 1.415621 1.41702 1.417853 1.4172 1.412222 1.406489 1.405986 1.416479 1.436608 1.455346 1.467984 1.471901 1.471362
1.350204 1.351346 1.352589 1.353889 1.355184 1.356423 1.357632 1.358823 1.359995 1.361146 1.362271 1.363378 1.36448 1.365587 1.366687 1.367786 1.368892 1.370008 1.371109 1.372221 1.37338 1.374616 1.375914 1.377261 1.378649 1.380075 1.381559 1.383074 1.384582 1.386054 1.387505 1.388942 1.390364 1.391769 1.393156 1.394528 1.395891 1.397251 1.398605 1.399952 1.401289 1.402615 1.403937 1.405248 1.40654 1.407808 1.409065 1.410302 1.411502 1.412705 1.414214 1.415643 1.416487 1.415795 1.41062 1.404652 1.404122 1.415017 1.435814 1.455045 1.467945 1.471932 1.471383
1.34874 1.349831 1.350999 1.352212 1.353423 1.354594 1.355744 1.356883 1.358009 1.359122 1.360216 1.361298 1.362381 1.36347 1.364558 1.365648 1.366748 1.367861 1.368963 1.370078 1.371241 1.372479 1.373779 1.375128 1.376518 1.377946 1.379431 1.380948 1.382461 1.383943 1.385408 1.386862 1.388304 1.389732 1.391144 1.392544 1.393936 1.395324 1.396708 1.398084 1.399451 1.400807 1.402159 1.4035 1.404821 1.406117 1.407401 1.408663 1.409888 1.411116 1.412661 1.414123 1.414981 1.414248 1.408855 1.402626 1.402066 1.413411 1.434949 1.45472 1.467904 1.471962 1.471404
1.3471 1.348131 1.349215 1.350331 1.351448 1.352542 1.353624 1.354701 1.355772 1.356838 1.357891 1.358941 1.359997 1.361068 1.362144 1.363229 1.364329 1.365446 1.366561 1.367693 1.368871 1.370121 1.371431 1.372787 1.374184 1.375619 1.377108 1.378628 1.380148 1.381642 1.383124 1.384598 1.386063 1.387516 1.388958 1.390391 1.391816 1.393236 1.394652 1.39606 1.397458 1.398846 1.400229 1.401601 1.402952 1.404277 1.40559 1.40688 1.408131 1.409387 1.410973 1.412472 1.413346 1.412569 1.406936 1.400421 1.39983 1.411671 1.434019 1.454372 1.467859 1.471996 1.471428
1.345122 1.346071 1.347047 1.348041 1.349041 1.350034 1.351024 1.352017 1.353013 1.354014 1.355009 1.356009 1.357028 1.358076 1.359144 1.360232 1.361346 1.362485 1.363636 1.364812 1.366034 1.367319 1.368659 1.370043 1.371465 1.372922 1.374429 1.375965 1.377502 1.379017 1.380522 1.382021 1.383512 1.384993 1.386465 1.387928 1.389385 1.390835 1.39228 1.393717 1.395144 1.396561 1.397972 1.399372 1.400752 1.402107 1.403451 1.404774 1.406058 1.407349 1.408987 1.410538 1.411435 1.410611 1.404701 1.397851 1.397227 1.409659 1.432953 1.453977 1.467808 1.472034 1.471455
1.342957 1.343816 1.344674 1.345535 1.346405 1.347286 1.348174 1.34907 1.34998 1.350905 1.351831 1.352771 1.353745 1.354767 1.355827 1.356922 1.358055 1.359225 1.360425 1.36166 1.362938 1.364269 1.365646 1.367065 1.368517 1.370001 1.371528 1.37308 1.374635 1.376174 1.377705 1.379232 1.380753 1.382266 1.383773 1.385272 1.386764 1.388248 1.389726 1.391195 1.392654 1.394101 1.395542 1.396971 1.398382 1.39977 1.401148 1.402505 1.403825 1.405154 1.40685 1.408456 1.40938 1.408504 1.40229 1.395072 1.394413 1.407494 1.431817 1.453559 1.467754 1.472072 1.471481
1.340853 1.341629 1.342381 1.343124 1.343877 1.344656 1.345449 1.346256 1.347084 1.347936 1.348794 1.349674 1.350601 1.351596 1.352645 1.353742 1.354889 1.356083 1.357324 1.358609 1.359935 1.361298 1.362701 1.364139 1.365606 1.367101 1.36863 1.370182 1.371741 1.373295 1.37485 1.376407 1.377962 1.379516 1.381069 1.38262 1.384163 1.385694 1.387217 1.388731 1.390232 1.391721 1.393202 1.39467 1.396118 1.397541 1.398954 1.400345 1.401696 1.403059 1.404804 1.406456 1.407399 1.406465 1.399945 1.392355 1.391656 1.405382 1.430719 1.453159 1.467703 1.47211 1.471508
1.339038 1.339759 1.340442 1.341106 1.341781 1.34249 1.343216 1.343959 1.344728 1.345525 1.34633 1.347162 1.34805 1.349015 1.350047 1.351135 1.352278 1.353474 1.35473 1.356033 1.357372 1.358736 1.360128 1.361548 1.362994 1.364465 1.365958 1.367473 1.369008 1.37056 1.372131 1.373717 1.375314 1.376919 1.378541 1.380168 1.381788 1.38339 1.384981 1.386561 1.388126 1.389674 1.391213 1.392736 1.394233 1.395698 1.397144 1.398562 1.399936 1.401319 1.403092 1.404766 1.405709 1.404711 1.397907 1.389974 1.38923 1.403528 1.429764 1.452814 1.467659 1.472142 1.47153
1.337405 1.338096 1.33874 1.339361 1.339992 1.340659 1.341344 1.342046 1.342773 1.343531 1.344296 1.34509 1.345942 1.346879 1.347887 1.348956 1.350082 1.351264 1.352512 1.353809 1.355134 1.356469 1.35782 1.359192 1.360586 1.362001 1.363425 1.364869 1.366352 1.367888 1.36947 1.371087 1.372733 1.374405 1.376116 1.377848 1.379573 1.381269 1.382951 1.38462 1.386269 1.387896 1.389513 1.391109 1.392668 1.394179 1.395658 1.3971 1.398489 1.399881 1.401663 1.403338 1.404263 1.403195 1.396128 1.387877 1.387083 1.40189 1.428926 1.452513 1.467622 1.472169 1.471549
1.335924 1.336602 1.337232 1.337837 1.338449 1.339095 1.339757 1.340434 1.341134 1.341864 1.342598 1.34336 1.344181 1.345088 1.346068 1.347111 1.34821 1.349363 1.350586 1.351858 1.353149 1.354434 1.35572 1.357017 1.358333 1.359668 1.360994 1.36234 1.363749 1.365256 1.366842 1.368491 1.370192 1.371941 1.37376 1.375617 1.377468 1.379278 1.381069 1.382843 1.384592 1.386312 1.38802 1.3897 1.39133 1.392891 1.394404 1.395865 1.397262 1.398654 1.400431 1.40209 1.402984 1.401842 1.394523 1.385968 1.38512 1.400394 1.428165 1.452242 1.467588 1.472195 1.471567
1.334629 1.335306 1.33594 1.33655 1.337164 1.337807 1.33846 1.339125 1.33981 1.34052 1.341231 1.341966 1.342757 1.343634 1.344582 1.345591 1.346654 1.347767 1.348951 1.35018 1.351418 1.352633 1.353833 1.355034 1.356248 1.357481 1.358684 1.359907 1.361222 1.362687 1.364272 1.365951 1.367709 1.369541 1.371481 1.373478 1.37547 1.377406 1.379317 1.381207 1.383065 1.384885 1.386692 1.388464 1.390168 1.39178 1.393323 1.394799 1.396199 1.397582 1.399341 1.400973 1.401824 1.400602 1.393037 1.384186 1.383279 1.398993 1.427456 1.451991 1.467557 1.472221 1.471586
1.333543 1.334232 1.334887 1.335523 1.336159 1.336814 1.337473 1.338139 1.338819 1.339518 1.340213 1.340927 1.341691 1.342536 1.343449 1.344417 1.345433 1.346494 1.347624 1.348793 1.34996 1.351086 1.35218 1.353262 1.354355 1.355463 1.356519 1.357595 1.358794 1.360204 1.36178 1.363486 1.365303 1.367224 1.369293 1.371444 1.373589 1.375659 1.377699 1.379714 1.381688 1.383614 1.385524 1.387391 1.389172 1.390833 1.392404 1.39389 1.395285 1.396652 1.398383 1.399974 1.400772 1.399464 1.391659 1.382518 1.381547 1.397675 1.426792 1.451757 1.467529 1.472245 1.471602
1.332641 1.333374 1.334093 1.334801 1.335505 1.33621 1.336909 1.337605 1.338308 1.339018 1.339716 1.340422 1.341169 1.341984 1.342857 1.343776 1.34473 1.345719 1.346769 1.347848 1.348909 1.349913 1.350863 1.351789 1.352719 1.353663 1.354528 1.355414 1.356463 1.357798 1.359359 1.361097 1.362986 1.365016 1.367247 1.36959 1.371927 1.374166 1.376367 1.378536 1.380654 1.382711 1.384751 1.386735 1.388609 1.390329 1.391928 1.393419 1.394799 1.396135 1.397814 1.399338 1.400061 1.398663 1.390652 1.381266 1.380226 1.396664 1.426284 1.451579 1.467508 1.472265 1.471616
1.331949 1.332738 1.333536 1.334335 1.335124 1.335894 1.336645 1.337385 1.338118 1.338848 1.339555 1.34026 1.340992 1.341777 1.342607 1.343469 1.344355 1.345261 1.346218 1.347191 1.348132 1.348996 1.349783 1.350532 1.351279 1.352039 1.352689 1.35336 1.354238 1.355485 1.357023 1.358788 1.36075 1.362895 1.365298 1.367844 1.370384 1.372801 1.375169 1.3775 1.379767 1.381958 1.38413 1.386234 1.388201 1.389976 1.391599 1.39309 1.394451 1.395749 1.397365 1.39881 1.39945 1.397957 1.389746 1.380124 1.37901 1.39573 1.425816 1.451416 1.46749 1.472285 1.471631
1.331509 1.332332 1.333186 1.334052 1.334903 1.335717 1.336502 1.337268 1.338019 1.338755 1.33946 1.340154 1.340863 1.341614 1.342399 1.343205 1.344023 1.34485 1.345719 1.346593 1.347421 1.348154 1.348788 1.349368 1.349941 1.350523 1.350966 1.351428 1.352137 1.353289 1.354793 1.356571 1.358587 1.360823 1.363371 1.366091 1.368804 1.371368 1.373874 1.376335 1.378721 1.381019 1.383294 1.385489 1.387526 1.38934 1.390978 1.392463 1.393801 1.395063 1.396626 1.398005 1.39857 1.396978 1.388525 1.378613 1.377421 1.394522 1.425215 1.451208 1.467466 1.472305 1.471645
1.331365 1.332175 1.333026 1.333894 1.334747 1.335553 1.336326 1.337076 1.337806 1.338518 1.339194 1.339854 1.340525 1.341232 1.34197 1.342723 1.343483 1.344246 1.34505 1.345852 1.346596 1.347226 1.34774 1.348187 1.348619 1.349055 1.349328 1.349616 1.350177 1.351237 1.352692 1.354456 1.356486 1.358765 1.361397 1.364221 1.367036 1.369682 1.372261 1.374789 1.377233 1.37958 1.381899 1.384131 1.386192 1.388018 1.389653 1.391125 1.392443 1.393679 1.395216 1.396561 1.397075 1.395376 1.38659 1.376269 1.374994 1.392701 1.424319 1.450899 1.467429 1.472337 1.471667
1.331558 1.332315 1.333116 1.333938 1.334743 1.3355 1.336224 1.336924 1.337603 1.338264 1.338887 1.339494 1.340113 1.340769 1.341456 1.34216 1.342869 1.343579 1.344332 1.345082 1.345764 1.346313 1.34673 1.347068 1.347382 1.347693 1.347821 1.347956 1.348382 1.349345 1.350734 1.352454 1.354464 1.356741 1.359401 1.36227 1.365127 1.367798 1.370394 1.372932 1.375383 1.37773 1.380043 1.382264 1.384313 1.386123 1.38774 1.389192 1.390487 1.391703 1.393234 1.394571 1.39505 1.393235 1.384028 1.373185 1.37182 1.39034 1.423171 1.450505 1.467382 1.472379 1.471697
