UFDSM/paper_dem.txt
ncols         256
nrows         200
xllcorner     263976
yllcorner     664410
cellsize      2
NODATA_value  -9999
[rows 140 to 167 of 200, columns 0 to 62 of 256]
1.434362 1.434387 1.43328 1.430984 1.428638 1.42623 1.423158 1.418408 1.412702 1.406137 1.398834 1.390373 1.380617 1.369588 1.357208 1.342203 1.324947 1.306936 1.290473 1.275744 1.262838 1.252137 1.244172 1.240951 1.241007 1.241826 1.24118 1.24015 1.239218 1.238297 1.237274 1.235895 1.234532 1.233699 1.233863 1.23486 1.236508 1.238706 1.241414 1.244946 1.248885 1.252684 1.255905 1.258808 1.261484 1.263898 1.26603 1.267926 1.269579 1.270958 1.272039 1.272824 1.273346 1.27364 1.273718 1.273479 1.27303 1.272527 1.272106 1.271692 1.271265 1.270851 1.270463
1.434498 1.434522 1.433486 1.431342 1.429157 1.426915 1.424175 1.419824 1.414624 1.408652 1.402005 1.394312 1.385472 1.375527 1.364423 1.351028 1.335742 1.319955 1.305712 1.293127 1.282216 1.273245 1.266611 1.264037 1.264182 1.264818 1.263971 1.26258 1.261081 1.259415 1.25748 1.254976 1.252293 1.249997 1.24862 1.247977 1.247916 1.248387 1.24938 1.251152 1.253382 1.255629 1.25753 1.259287 1.260963 1.26252 1.26393 1.265245 1.266436 1.267451 1.268245 1.268832 1.26924 1.269489 1.269589 1.269467 1.269199 1.2689 1.268667 1.268443 1.268218 1.268011 1.267834
1.434646 1.434668 1.433715 1.431746 1.429744 1.427694 1.425226 1.421293 1.416616 1.411254 1.40528 1.398374 1.390468 1.381622 1.371806 1.360028 1.346703 1.333106 1.321021 1.310504 1.301508 1.294195 1.288848 1.28693 1.287225 1.287766 1.286813 1.285177 1.283248 1.280985 1.278298 1.274833 1.270989 1.267376 1.264589 1.262416 1.260728 1.259519 1.258809 1.258805 1.259272 1.25987 1.260309 1.260744 1.261222 1.261709 1.262178 1.262673 1.263163 1.263599 1.263935 1.264188 1.264374 1.264503 1.264574 1.264556 1.264485 1.264413 1.264387 1.264375 1.264377 1.264408 1.264474
1.434805 1.434825 1.433966 1.432194 1.430396 1.428554 1.426536 1.423115 1.419076 1.414451 1.40928 1.403303 1.396485 1.3889 1.380543 1.370571 1.359403 1.348165 1.338354 1.329973 1.322918 1.317255 1.313162 1.311854 1.31225 1.312652 1.311561 1.309652 1.307267 1.30438 1.300905 1.296421 1.291329 1.286287 1.281959 1.278105 1.274606 1.271499 1.268837 1.266781 1.265177 1.263788 1.262399 1.261127 1.260013 1.259039 1.25819 1.257486 1.256921 1.256479 1.256147 1.255939 1.25585 1.255869 1.255988 1.256245 1.256601 1.257001 1.257396 1.257806 1.258245 1.258718 1.259226
1.434964 1.434982 1.434215 1.432637 1.431041 1.429399 1.427867 1.424954 1.421547 1.417643 1.413254 1.408172 1.402393 1.395999 1.389004 1.3807 1.371489 1.362356 1.354542 1.348007 1.342613 1.338354 1.335331 1.334557 1.335074 1.335413 1.334278 1.33223 1.329569 1.326277 1.322265 1.317058 1.311043 1.304898 1.299339 1.294097 1.289056 1.284282 1.279851 1.275885 1.272296 1.268936 1.265664 1.262566 1.259691 1.257046 1.254637 1.252453 1.250535 1.248934 1.2477 1.246844 1.246336 1.246143 1.246253 1.246785 1.247609 1.248532 1.249391 1.250264 1.251188 1.252154 1.253153
1.435123 1.435141 1.434468 1.433085 1.43169 1.430262 1.428878 1.426361 1.423429 1.42007 1.416281 1.411889 1.406912 1.401437 1.395491 1.388468 1.380752 1.373214 1.366901 1.361757 1.357621 1.354444 1.352275 1.351993 1.352722 1.353156 1.352149 1.350187 1.347536 1.344185 1.340045 1.334615 1.328258 1.321645 1.315501 1.309537 1.303638 1.297876 1.292338 1.287112 1.282148 1.277356 1.272647 1.268085 1.263726 1.259605 1.255745 1.252104 1.248776 1.245895 1.243591 1.241874 1.240696 1.240016 1.23982 1.240299 1.241247 1.242363 1.243385 1.244445 1.245592 1.246808 1.248074
1.435168 1.435186 1.434541 1.433218 1.431885 1.430516 1.429314 1.426963 1.42424 1.421136 1.417658 1.413649 1.409134 1.404209 1.398909 1.392697 1.385946 1.37945 1.374141 1.369956 1.366725 1.364368 1.362904 1.363132 1.36422 1.364952 1.364276 1.362644 1.360308 1.35726 1.353418 1.348294 1.342229 1.335863 1.329886 1.32401 1.318117 1.312274 1.306561 1.301043 1.29568 1.290398 1.285123 1.279899 1.274784 1.269823 1.265046 1.260374 1.255941 1.251947 1.248594 1.245878 1.243754 1.242192 1.241193 1.240967 1.2413 1.241872 1.242403 1.243035 1.243818 1.24473 1.245751
1.4351 1.435116 1.434436 1.433038 1.431629 1.430164 1.429296 1.426926 1.424209 1.421148 1.417778 1.413944 1.409673 1.405069 1.40018 1.39452 1.388452 1.382722 1.378177 1.374761 1.372292 1.370666 1.369878 1.370679 1.372249 1.373427 1.373224 1.372085 1.370253 1.367728 1.364439 1.359934 1.354539 1.348845 1.343487 1.338191 1.332841 1.327489 1.322199 1.31703 1.311931 1.306817 1.301601 1.296312 1.291001 1.28571 1.280465 1.275145 1.269905 1.264994 1.260667 1.256897 1.253651 1.250925 1.248739 1.247282 1.246388 1.245796 1.245273 1.244941 1.244845 1.244967 1.245287
1.435032 1.435049 1.434334 1.432865 1.431382 1.429841 1.428899 1.426392 1.423522 1.420338 1.416921 1.413106 1.408918 1.404472 1.39983 1.394546 1.38898 1.38384 1.379915 1.377156 1.37537 1.37443 1.374309 1.375726 1.377858 1.379569 1.379919 1.379354 1.37812 1.376225 1.373608 1.369867 1.365312 1.360485 1.355956 1.351472 1.346921 1.34234 1.337777 1.333292 1.328815 1.32424 1.319455 1.314477 1.309351 1.304108 1.29876 1.293149 1.287434 1.281891 1.276805 1.272121 1.267812 1.263904 1.260436 1.257543 1.255136 1.253059 1.251171 1.249561 1.248265 1.247274 1.246582
1.434964 1.434983 1.434236 1.432698 1.431144 1.429542 1.428166 1.425411 1.422242 1.418779 1.415165 1.411219 1.40696 1.402516 1.397965 1.392893 1.387659 1.382951 1.379518 1.37732 1.376152 1.375861 1.376398 1.378469 1.381225 1.383535 1.384488 1.384547 1.383963 1.38275 1.380861 1.377946 1.3743 1.370418 1.366802 1.363226 1.359582 1.355892 1.352191 1.348545 1.344868 1.341025 1.33688 1.332445 1.327757 1.322837 1.317683 1.312105 1.306257 1.30042 1.294885 1.289564 1.284433 1.279537 1.274928 1.270665 1.266739 1.263123 1.25979 1.256791 1.254152 1.251884 1.249998
1.434804 1.434825 1.433991 1.43227 1.430527 1.428728 1.427125 1.42398 1.420356 1.416442 1.41247 1.408227 1.403727 1.399113 1.394486 1.389456 1.384387 1.379959 1.376905 1.375194 1.374605 1.374956 1.376174 1.378962 1.38243 1.385423 1.387045 1.387789 1.387913 1.387438 1.386328 1.38429 1.381603 1.378714 1.376059 1.37344 1.370755 1.368013 1.365236 1.362502 1.359707 1.356692 1.353296 1.349534 1.34544 1.341024 1.336272 1.330976 1.325277 1.319442 1.313751 1.308084 1.302415 1.296799 1.291288 1.285851 1.280553 1.275493 1.270772 1.266398 1.262391 1.258785 1.255613
1.434551 1.434573 1.433597 1.431577 1.429522 1.427389 1.425547 1.421782 1.417426 1.412767 1.408162 1.40336 1.398361 1.393336 1.388419 1.383244 1.37819 1.373948 1.371248 1.370074 1.370178 1.371335 1.373439 1.3772 1.381649 1.385582 1.388102 1.389749 1.390796 1.391269 1.391147 1.390202 1.388696 1.38701 1.385506 1.384021 1.382461 1.380823 1.379114 1.377431 1.37565 1.373588 1.37106 1.368092 1.364714 1.360931 1.356714 1.351848 1.346454 1.340776 1.335071 1.329183 1.323076 1.31681 1.310424 1.303776 1.296995 1.290322 1.284015 1.278032 1.272382 1.267132 1.262347
1.434297 1.434323 1.433204 1.430883 1.428512 1.426052 1.423614 1.419085 1.41379 1.408147 1.402675 1.397071 1.391324 1.385644 1.380211 1.374682 1.369462 1.365272 1.362862 1.362231 1.363091 1.365163 1.368295 1.373211 1.378831 1.38387 1.387421 1.390085 1.392151 1.39365 1.394574 1.394762 1.394451 1.393963 1.393584 1.393192 1.392703 1.3921 1.391385 1.390672 1.389824 1.388636 1.386914 1.384692 1.382008 1.37886 1.375214 1.370855 1.365887 1.360529 1.355005 1.349134 1.342869 1.336263 1.329337 1.321842 1.313943 1.305994 1.298384 1.291025 1.283918 1.277156 1.270841
1.434042 1.43407 1.432808 1.43018 1.427484 1.424682 1.421667 1.416342 1.410051 1.40333 1.396865 1.390301 1.383618 1.377069 1.37089 1.364756 1.359112 1.354735 1.352426 1.352201 1.353729 1.356665 1.360808 1.366903 1.373732 1.379905 1.384484 1.388138 1.39118 1.393641 1.395525 1.396726 1.397459 1.397998 1.398575 1.3991 1.3995 1.39975 1.39985 1.399931 1.399845 1.399377 1.398324 1.396741 1.394669 1.392105 1.389017 1.3852 1.380748 1.375853 1.370712 1.36513 1.359056 1.352532 1.345564 1.337831 1.329511 1.32101 1.312794 1.304739 1.296832 1.289186 1.281918
1.433819 1.43385 1.432464 1.429573 1.426594 1.423493 1.420027 1.414012 1.406843 1.399134 1.391701 1.384145 1.376432 1.368861 1.361717 1.354674 1.348234 1.343269 1.34068 1.340509 1.342387 1.345916 1.350844 1.357956 1.365874 1.373075 1.37856 1.383075 1.386955 1.39023 1.392913 1.394933 1.396498 1.397848 1.399184 1.40044 1.40155 1.402485 1.403243 1.403972 1.404516 1.40465 1.404172 1.403151 1.401638 1.399633 1.397107 1.393878 1.390032 1.385742 1.381175 1.376143 1.370598 1.364577 1.358077 1.350759 1.342797 1.3346 1.32664 1.31877 1.310968 1.303345 1.296017
1.433629 1.433663 1.432175 1.429064 1.42585 1.422499 1.418541 1.411897 1.403906 1.395235 1.386797 1.378145 1.369231 1.36039 1.351956 1.343576 1.335829 1.329738 1.32638 1.32584 1.327725 1.331591 1.337143 1.345222 1.354254 1.362523 1.368937 1.37433 1.379061 1.383163 1.386647 1.389476 1.39185 1.393988 1.396074 1.398058 1.399878 1.401502 1.402928 1.404322 1.405517 1.406279 1.406404 1.405983 1.405076 1.403686 1.401792 1.399243 1.396119 1.39257 1.388734 1.384444 1.37966 1.374416 1.368707 1.362207 1.355083 1.347719 1.340551 1.333422 1.326301 1.319288 1.312482
1.433438 1.433475 1.431884 1.428549 1.425093 1.421481 1.41717 1.409928 1.401147 1.391517 1.382018 1.372149 1.361836 1.351441 1.34134 1.331118 1.321453 1.313582 1.308859 1.307441 1.308937 1.312871 1.318911 1.327983 1.33825 1.347735 1.355198 1.361584 1.367285 1.372325 1.376718 1.380452 1.383723 1.386737 1.38966 1.392462 1.395081 1.39748 1.399658 1.401801 1.403729 1.405195 1.405993 1.40624 1.406005 1.405299 1.404107 1.402313 1.399994 1.397272 1.394259 1.39081 1.386901 1.382564 1.377796 1.372299 1.366232 1.359943 1.353812 1.347678 1.341507 1.335386 1.329396
1.433247 1.433285 1.431589 1.428028 1.424325 1.420435 1.415949 1.408155 1.398641 1.388086 1.377506 1.366331 1.354451 1.342234 1.330079 1.317464 1.305169 1.294718 1.287863 1.284888 1.285443 1.289057 1.295374 1.305454 1.317113 1.328009 1.336689 1.344235 1.351079 1.357231 1.362701 1.367499 1.37182 1.375859 1.379769 1.383535 1.387093 1.390402 1.39346 1.396477 1.399255 1.401532 1.403099 1.404101 1.404622 1.404675 1.404255 1.403286 1.401834 1.399998 1.39786 1.395307 1.392325 1.388951 1.385181 1.380758 1.37583 1.3707 1.36569 1.36064 1.355518 1.350399 1.345345
1.433103 1.433143 1.43137 1.427639 1.423751 1.419658 1.414897 1.406628 1.396461 1.385047 1.373399 1.360865 1.347276 1.332978 1.31836 1.302718 1.286916 1.272832 1.262778 1.257246 1.256 1.258645 1.264847 1.275882 1.289106 1.301662 1.31178 1.32072 1.328961 1.336485 1.34329 1.349407 1.355028 1.360337 1.365479 1.370452 1.375185 1.379628 1.38378 1.387878 1.391702 1.394966 1.39746 1.399366 1.400777 1.401715 1.402182 1.402146 1.401662 1.400801 1.399614 1.398023 1.396031 1.393673 1.39095 1.38765 1.383908 1.379978 1.37612 1.372182 1.36814 1.364058 1.359983
1.433009 1.433051 1.431227 1.427385 1.423377 1.419157 1.41402 1.405359 1.394633 1.382431 1.369703 1.355697 1.340147 1.32332 1.305527 1.285726 1.2648 1.245054 1.229635 1.219391 1.214381 1.214469 1.219485 1.231138 1.246128 1.260769 1.272736 1.283548 1.293737 1.303231 1.31199 1.32005 1.327606 1.334831 1.341859 1.348693 1.355246 1.361447 1.367293 1.373061 1.37849 1.383263 1.387163 1.390426 1.393162 1.395396 1.397146 1.398436 1.399301 1.399767 1.39985 1.39952 1.3988 1.397726 1.396304 1.394379 1.392066 1.389557 1.387036 1.384371 1.381549 1.378627 1.375638
1.432914 1.432957 1.431082 1.427128 1.422996 1.41864 1.41332 1.404336 1.393145 1.380243 1.366475 1.350965 1.333311 1.313638 1.292083 1.267069 1.239327 1.211565 1.188029 1.170104 1.158398 1.153365 1.155307 1.166795 1.18364 1.200865 1.215209 1.22857 1.241545 1.253942 1.265637 1.276654 1.287171 1.29734 1.307273 1.316968 1.326297 1.335159 1.343542 1.351775 1.359539 1.366473 1.372356 1.377497 1.382029 1.38598 1.389384 1.392341 1.39485 1.396888 1.398431 1.399513 1.400181 1.400469 1.400393 1.39986 1.398959 1.397823 1.396567 1.395087 1.393389 1.391526 1.389525
1.432819 1.432862 1.430935 1.426867 1.422609 1.418106 1.412783 1.403541 1.391981 1.378493 1.3638 1.346893 1.327211 1.304687 1.279197 1.248448 1.21278 1.175124 1.140933 1.112247 1.090474 1.077075 1.073296 1.083255 1.101721 1.121877 1.139043 1.155649 1.172363 1.188775 1.204601 1.219819 1.234558 1.24891 1.262942 1.276629 1.289782 1.302252 1.314019 1.325477 1.336237 1.345888 1.354212 1.361614 1.368253 1.374167 1.379412 1.384162 1.388388 1.392017 1.395001 1.397439 1.399404 1.400935 1.402055 1.40273 1.403027 1.403031 1.402811 1.402294 1.401503 1.400496 1.399295
1.432765 1.43281 1.430854 1.426724 1.422397 1.417818 1.412391 1.402968 1.391138 1.377206 1.361782 1.343736 1.322355 1.297367 1.268361 1.232258 1.188823 1.140965 1.095228 1.054274 1.020403 0.9963587 0.9847364 0.9918648 1.01148 1.034551 1.054586 1.074706 1.095656 1.116722 1.13739 1.157565 1.177278 1.196517 1.215273 1.233497 1.25093 1.267376 1.282807 1.297691 1.311574 1.324007 1.334783 1.344404 1.353067 1.360825 1.367759 1.374108 1.379822 1.384806 1.389004 1.392567 1.395591 1.398121 1.400191 1.401808 1.403025 1.4039 1.404473 1.4047 1.404617 1.404288 1.403735
1.432754 1.4328 1.43084 1.426701 1.422364 1.417778 1.412206 1.402703 1.390738 1.376544 1.360615 1.341718 1.319003 1.291994 1.259973 1.21903 1.168202 1.110129 1.052282 0.9978516 0.9500492 0.9131129 0.8913705 0.8940605 0.9139745 0.9395343 0.962036 0.9854965 1.010785 1.036801 1.062722 1.088358 1.113591 1.138262 1.162251 1.185475 1.207599 1.22837 1.247755 1.266303 1.283497 1.29885 1.312176 1.324078 1.334794 1.344402 1.353012 1.360916 1.368057 1.374336 1.379701 1.384346 1.388385 1.39187 1.394845 1.397354 1.399438 1.401134 1.402462 1.403404 1.404012 1.404352 1.404451
1.432743 1.432788 1.430824 1.426674 1.422326 1.417725 1.41218 1.402665 1.390671 1.376356 1.360105 1.340602 1.316876 1.288261 1.253735 1.208561 1.150944 1.083038 1.013029 0.9445031 0.8815371 0.8299844 0.7961678 0.7927877 0.8118293 0.8389829 0.8630136 0.8890626 0.918216 0.9489422 0.9800588 1.011264 1.04225 1.072661 1.102233 1.130825 1.158005 1.183452 1.207118 1.229629 1.250404 1.268916 1.284996 1.29935 1.312266 1.323853 1.33425 1.343791 1.35243 1.360074 1.366689 1.372502 1.377639 1.382159 1.386117 1.389592 1.392613 1.395194 1.397342 1.399066 1.400432 1.401509 1.402327
1.432732 1.432777 1.430808 1.426647 1.422287 1.417668 1.412224 1.402732 1.390761 1.376408 1.359962 1.340042 1.315578 1.285745 1.249249 1.200607 1.1372 1.060575 0.9794017 0.8975292 0.8197978 0.7536236 0.7073163 0.6971045 0.7142665 0.7418498 0.7660524 0.7932877 0.8249888 0.8592442 0.8945321 0.9304717 0.9665649 1.002238 1.037055 1.070799 1.102921 1.133009 1.160979 1.187515 1.211962 1.233744 1.252698 1.26962 1.28485 1.298527 1.310822 1.322093 1.33232 1.341434 1.349428 1.356548 1.362924 1.368621 1.373703 1.378283 1.382374 1.385967 1.389058 1.391683 1.393923 1.395849 1.397497
1.432725 1.432771 1.430803 1.426647 1.422292 1.417677 1.412291 1.402846 1.390934 1.376604 1.360067 1.339898 1.314959 1.284304 1.246431 1.195266 1.127496 1.044085 0.9539984 0.8612539 0.7712984 0.6928485 0.6358625 0.6195824 0.634581 0.6616078 0.6846026 0.7112283 0.7433751 0.7789072 0.8160889 0.854562 0.8937216 0.9328312 0.9713109 1.008863 1.044827 1.078687 1.110292 1.140339 1.168086 1.192893 1.214569 1.233963 1.251457 1.267221 1.281445 1.294474 1.306337 1.317019 1.32655 1.335167 1.342988 1.350079 1.356509 1.362421 1.367806 1.372631 1.376876 1.380609 1.383925 1.386894 1.389558
1.432723 1.432768 1.43081 1.426674 1.422341 1.417741 1.412636 1.403371 1.391716 1.377668 1.361365 1.341375 1.316551 1.285895 1.247806 1.195877 1.126408 1.040024 0.9458634 0.8479903 0.7520924 0.6675119 0.6050646 0.5859264 0.5999038 0.6260076 0.6466179 0.6704026 0.6997501 0.7325576 0.7671252 0.8032988 0.8406051 0.8783655 0.9160188 0.9532568 0.9893983 1.023871 1.056445 1.087748 1.116967 1.143369 1.166671 1.187662 1.206742 1.224101 1.239918 1.254416 1.267735 1.279984 1.291269 1.301728 1.311424 1.320398 1.328712 1.33653 1.343801 1.350449 1.356431 1.361858 1.366828 1.371405 1.375632
